# time x y z qx qy qz qw vx vy vz ba_x ba_y ba_z bg_x bg_y bg_z
0.000000000 10.000000000 10.000000000 10.000000000 0.000000000 0.000000000 0.000000000 1.000000000 -0.000000000 -0.000000000 -0.000000000 0.001000000 0.002000000 0.003000000 0.002000000 0.003000000 0.004000000
0.005000000 9.999999614 9.999998458 9.999993831 0.002058620 0.002396733 0.001033008 0.999994475 -0.000154213 -0.000616850 -0.002467400 0.001000000 0.002000000 0.003000000 0.002000000 0.003000000 0.004000000
0.010000000 9.999998458 9.999993831 9.999975326 0.004122090 0.004789151 0.002075833 0.999977881 -0.000308425 -0.001233700 -0.004934794 0.001000000 0.002000000 0.003000000 0.002000000 0.003000000 0.004000000
0.015000000 9.999996530 9.999986121 9.999944484 0.006190326 0.007177163 0.003128426 0.999950189 -0.000462638 -0.001850549 -0.007402176 0.001000000 0.002000000 0.003000000 0.002000000 0.003000000 0.004000000
0.020000000 9.999993831 9.999975326 9.999901304 0.008263246 0.009560683 0.004190736 0.999911371 -0.000616850 -0.002467397 -0.009869539 0.001000000 0.002000000 0.003000000 0.002000000 0.003000000 0.004000000
0.025000000 9.999990362 9.999961447 9.999845788 0.010340764 0.011939624 0.005262714 0.999861399 -0.000771062 -0.003084243 -0.012336879 0.001000000 0.002000000 0.003000000 0.002000000 0.003000000 0.004000000
0.030000000 9.999986121 9.999944484 9.999777936 0.012422797 0.014313899 0.006344307 0.999800248 -0.000925275 -0.003701088 -0.014804187 0.001000000 0.002000000 0.003000000 0.002000000 0.003000000 0.004000000
0.035000000 9.999981109 9.999924436 9.999697746 0.014509259 0.016683422 0.007435463 0.999727892 -0.001079487 -0.004317930 -0.017271460 0.001000000 0.002000000 0.003000000 0.002000000 0.003000000 0.004000000
0.040000000 9.999975326 9.999901304 9.999605221 0.016600064 0.019048107 0.008536129 0.999644308 -0.001233699 -0.004934770 -0.019738689 0.001000000 0.002000000 0.003000000 0.002000000 0.003000000 0.004000000
0.045000000 9.999968772 9.999875088 9.999500360 0.018695128 0.021407868 0.009646250 0.999549471 -0.001387910 -0.005551606 -0.022205870 0.001000000 0.002000000 0.003000000 0.002000000 0.003000000 0.004000000
0.050000000 9.999961447 9.999845788 9.999383162 0.020794364 0.023762622 0.010765773 0.999443360 -0.001542122 -0.006168439 -0.024672996 0.001000000 0.002000000 0.003000000 0.002000000 0.003000000 0.004000000
0.055000000 9.999953351 9.999813404 9.999253630 0.022897684 0.026112284 0.011894641 0.999325954 -0.001696333 -0.006785269 -0.027140062 0.001000000 0.002000000 0.003000000 0.002000000 0.003000000 0.004000000
0.060000000 9.999944484 9.999777936 9.999111762 0.025005003 0.028456770 0.013032798 0.999197232 -0.001850544 -0.007402094 -0.029607060 0.001000000 0.002000000 0.003000000 0.002000000 0.003000000 0.004000000
0.065000000 9.999934845 9.999739383 9.998957559 0.027116232 0.030795998 0.014180186 0.999057175 -0.002004755 -0.008018914 -0.032073985 0.001000000 0.002000000 0.003000000 0.002000000 0.003000000 0.004000000
0.070000000 9.999924436 9.999697746 9.998791022 0.029231284 0.033129885 0.015336748 0.998905765 -0.002158965 -0.008635730 -0.034540831 0.001000000 0.002000000 0.003000000 0.002000000 0.003000000 0.004000000
0.075000000 9.999913256 9.999653026 9.998612151 0.031350070 0.035458349 0.016502424 0.998742984 -0.002313175 -0.009252540 -0.037007592 0.001000000 0.002000000 0.003000000 0.002000000 0.003000000 0.004000000
0.080000000 9.999901304 9.999605221 9.998420946 0.033472503 0.037781309 0.017677155 0.998568817 -0.002467385 -0.009869345 -0.039474262 0.001000000 0.002000000 0.003000000 0.002000000 0.003000000 0.004000000
0.085000000 9.999888582 9.999554332 9.998217409 0.035598492 0.040098685 0.018860882 0.998383248 -0.002621594 -0.010486143 -0.041940834 0.001000000 0.002000000 0.003000000 0.002000000 0.003000000 0.004000000
0.090000000 9.999875088 9.999500360 9.998001538 0.037727949 0.042410395 0.020053541 0.998186263 -0.002775803 -0.011102935 -0.044407302 0.001000000 0.002000000 0.003000000 0.002000000 0.003000000 0.004000000
0.095000000 9.999860824 9.999443303 9.997773336 0.039860784 0.044716362 0.021255073 0.997977849 -0.002930012 -0.011719720 -0.046873662 0.001000000 0.002000000 0.003000000 0.002000000 0.003000000 0.004000000
0.100000000 9.999845788 9.999383162 9.997532802 0.041996907 0.047016505 0.022465413 0.997757993 -0.003084220 -0.012336498 -0.049339905 0.001000000 0.002000000 0.003000000 0.002000000 0.003000000 0.004000000
0.105000000 9.999829982 9.999319938 9.997279937 0.044136229 0.049310747 0.023684500 0.997526685 -0.003238427 -0.012953268 -0.051806027 0.001000000 0.002000000 0.003000000 0.002000000 0.003000000 0.004000000
0.110000000 9.999813404 9.999253630 9.997014742 0.046278658 0.051599009 0.024912268 0.997283915 -0.003392634 -0.013570031 -0.054272021 0.001000000 0.002000000 0.003000000 0.002000000 0.003000000 0.004000000
0.115000000 9.999796055 9.999184238 9.996737217 0.048424104 0.053881216 0.026148654 0.997029673 -0.003546841 -0.014186785 -0.056737881 0.001000000 0.002000000 0.003000000 0.002000000 0.003000000 0.004000000
0.120000000 9.999777936 9.999111762 9.996447363 0.050572476 0.056157290 0.027393591 0.996763951 -0.003701047 -0.014803530 -0.059203600 0.001000000 0.002000000 0.003000000 0.002000000 0.003000000 0.004000000
0.125000000 9.999759045 9.999036202 9.996145181 0.052723683 0.058427156 0.028647013 0.996486743 -0.003855252 -0.015420266 -0.061669174 0.001000000 0.002000000 0.003000000 0.002000000 0.003000000 0.004000000
0.130000000 9.999739383 9.998957559 9.995830672 0.054877633 0.060690739 0.029908854 0.996198043 -0.004009457 -0.016036993 -0.064134596 0.001000000 0.002000000 0.003000000 0.002000000 0.003000000 0.004000000
0.135000000 9.999718950 9.998875833 9.995503836 0.057034235 0.062947965 0.031179047 0.995897845 -0.004163661 -0.016653709 -0.066599860 0.001000000 0.002000000 0.003000000 0.002000000 0.003000000 0.004000000
0.140000000 9.999697746 9.998791022 9.995164673 0.059193396 0.065198759 0.032457522 0.995586145 -0.004317865 -0.017270416 -0.069064959 0.001000000 0.002000000 0.003000000 0.002000000 0.003000000 0.004000000
0.145000000 9.999675772 9.998703128 9.994813186 0.061355024 0.067443050 0.033744211 0.995262942 -0.004472068 -0.017887111 -0.071529887 0.001000000 0.002000000 0.003000000 0.002000000 0.003000000 0.004000000
0.150000000 9.999653026 9.998612151 9.994449375 0.063519027 0.069680764 0.035039045 0.994928233 -0.004626270 -0.018503796 -0.073994640 0.001000000 0.002000000 0.003000000 0.002000000 0.003000000 0.004000000
0.155000000 9.999629509 9.998518090 9.994073240 0.065685313 0.071911830 0.036341954 0.994582018 -0.004780472 -0.019120469 -0.076459209 0.001000000 0.002000000 0.003000000 0.002000000 0.003000000 0.004000000
0.160000000 9.999605221 9.998420946 9.993684783 0.067853788 0.074136177 0.037652867 0.994224297 -0.004934672 -0.019737131 -0.078923590 0.001000000 0.002000000 0.003000000 0.002000000 0.003000000 0.004000000
0.165000000 9.999580162 9.998320719 9.993284005 0.070024360 0.076353736 0.038971712 0.993855071 -0.005088872 -0.020353780 -0.081387777 0.001000000 0.002000000 0.003000000 0.002000000 0.003000000 0.004000000
0.170000000 9.999554332 9.998217409 9.992870906 0.072196936 0.078564435 0.040298417 0.993474343 -0.005243072 -0.020970417 -0.083851762 0.001000000 0.002000000 0.003000000 0.002000000 0.003000000 0.004000000
0.175000000 9.999527731 9.998111015 9.992445487 0.074371422 0.080768208 0.041632910 0.993082116 -0.005397270 -0.021587041 -0.086315541 0.001000000 0.002000000 0.003000000 0.002000000 0.003000000 0.004000000
0.180000000 9.999500360 9.998001538 9.992007751 0.076547725 0.082964985 0.042975118 0.992678395 -0.005551468 -0.022203651 -0.088779106 0.001000000 0.002000000 0.003000000 0.002000000 0.003000000 0.004000000
0.185000000 9.999472217 9.997888978 9.991557697 0.078725752 0.085154700 0.044324967 0.992263186 -0.005705664 -0.022820248 -0.091242453 0.001000000 0.002000000 0.003000000 0.002000000 0.003000000 0.004000000
0.190000000 9.999443303 9.997773336 9.991095326 0.080905409 0.087337285 0.045682383 0.991836495 -0.005859860 -0.023436831 -0.093705574 0.001000000 0.002000000 0.003000000 0.002000000 0.003000000 0.004000000
0.195000000 9.999413618 9.997654610 9.990620641 0.083086602 0.089512676 0.047047291 0.991398331 -0.006014055 -0.024053399 -0.096168465 0.001000000 0.002000000 0.003000000 0.002000000 0.003000000 0.004000000
0.200000000 9.999383162 9.997532802 9.990133642 0.085269238 0.091680807 0.048419614 0.990948701 -0.006168249 -0.024669952 -0.098631117 0.001000000 0.002000000 0.003000000 0.002000000 0.003000000 0.004000000
0.205000000 9.999351936 9.997407911 9.989634330 0.087453223 0.093841614 0.049799278 0.990487616 -0.006322442 -0.025286491 -0.101093527 0.001000000 0.002000000 0.003000000 0.002000000 0.003000000 0.004000000
0.210000000 9.999319938 9.997279937 9.989122707 0.089638463 0.095995033 0.051186206 0.990015087 -0.006476634 -0.025903013 -0.103555687 0.001000000 0.002000000 0.003000000 0.002000000 0.003000000 0.004000000
0.215000000 9.999287169 9.997148881 9.988598774 0.091824864 0.098141002 0.052580321 0.989531125 -0.006630825 -0.026519520 -0.106017592 0.001000000 0.002000000 0.003000000 0.002000000 0.003000000 0.004000000
0.220000000 9.999253630 9.997014742 9.988062532 0.094012332 0.100279459 0.053981545 0.989035745 -0.006785015 -0.027136010 -0.108479235 0.001000000 0.002000000 0.003000000 0.002000000 0.003000000 0.004000000
0.225000000 9.999219319 9.996877521 9.987513982 0.096200773 0.102410342 0.055389800 0.988528959 -0.006939204 -0.027752484 -0.110940610 0.001000000 0.002000000 0.003000000 0.002000000 0.003000000 0.004000000
0.230000000 9.999184238 9.996737217 9.986953126 0.098390093 0.104533591 0.056805007 0.988010784 -0.007093392 -0.028368940 -0.113401712 0.001000000 0.002000000 0.003000000 0.002000000 0.003000000 0.004000000
0.235000000 9.999148385 9.996593831 9.986379965 0.100580198 0.106649147 0.058227088 0.987481235 -0.007247579 -0.028985379 -0.115862534 0.001000000 0.002000000 0.003000000 0.002000000 0.003000000 0.004000000
0.240000000 9.999111762 9.996447363 9.985794501 0.102770993 0.108756951 0.059655963 0.986940330 -0.007401765 -0.029601800 -0.118323069 0.001000000 0.002000000 0.003000000 0.002000000 0.003000000 0.004000000
0.245000000 9.999074368 9.996297813 9.985196735 0.104962386 0.110856944 0.061091552 0.986388087 -0.007555950 -0.030218203 -0.120783313 0.001000000 0.002000000 0.003000000 0.002000000 0.003000000 0.004000000
0.250000000 9.999036202 9.996145181 9.984586669 0.107154281 0.112949070 0.062533775 0.985824525 -0.007710133 -0.030834587 -0.123243259 0.001000000 0.002000000 0.003000000 0.002000000 0.003000000 0.004000000
0.255000000 9.998997266 9.995989467 9.983964303 0.109346586 0.115033272 0.063982550 0.985249666 -0.007864315 -0.031450952 -0.125702901 0.001000000 0.002000000 0.003000000 0.002000000 0.003000000 0.004000000
0.260000000 9.998957559 9.995830672 9.983329640 0.111539205 0.117109495 0.065437797 0.984663530 -0.008018496 -0.032067298 -0.128162233 0.001000000 0.002000000 0.003000000 0.002000000 0.003000000 0.004000000
0.265000000 9.998917081 9.995668794 9.982682681 0.113732046 0.119177684 0.066899433 0.984066140 -0.008172676 -0.032683624 -0.130621248 0.001000000 0.002000000 0.003000000 0.002000000 0.003000000 0.004000000
0.270000000 9.998875833 9.995503836 9.982023428 0.115925013 0.121237785 0.068367377 0.983457519 -0.008326855 -0.033299930 -0.133079942 0.001000000 0.002000000 0.003000000 0.002000000 0.003000000 0.004000000
0.275000000 9.998833813 9.995335795 9.981351882 0.118118015 0.123289744 0.069841546 0.982837694 -0.008481032 -0.033916215 -0.135538306 0.001000000 0.002000000 0.003000000 0.002000000 0.003000000 0.004000000
0.280000000 9.998791022 9.995164673 9.980668046 0.120310956 0.125333510 0.071321857 0.982206688 -0.008635208 -0.034532479 -0.137996337 0.001000000 0.002000000 0.003000000 0.002000000 0.003000000 0.004000000
0.285000000 9.998747461 9.994990470 9.979971920 0.122503744 0.127369031 0.072808227 0.981564529 -0.008789382 -0.035148722 -0.140454027 0.001000000 0.002000000 0.003000000 0.002000000 0.003000000 0.004000000
0.290000000 9.998703128 9.994813186 9.979263506 0.124696285 0.129396257 0.074300572 0.980911245 -0.008943556 -0.035764944 -0.142911370 0.001000000 0.002000000 0.003000000 0.002000000 0.003000000 0.004000000
0.295000000 9.998658025 9.994632821 9.978542807 0.126888487 0.131415138 0.075798808 0.980246864 -0.009097728 -0.036381143 -0.145368361 0.001000000 0.002000000 0.003000000 0.002000000 0.003000000 0.004000000
0.300000000 9.998612151 9.994449375 9.977809823 0.129080254 0.133425624 0.077302851 0.979571417 -0.009251898 -0.036997320 -0.147824993 0.001000000 0.002000000 0.003000000 0.002000000 0.003000000 0.004000000
0.305000000 9.998565506 9.994262848 9.977064557 0.131271496 0.135427668 0.078812615 0.978884933 -0.009406067 -0.037613474 -0.150281260 0.001000000 0.002000000 0.003000000 0.002000000 0.003000000 0.004000000
0.310000000 9.998518090 9.994073240 9.976307011 0.133462119 0.137421222 0.080328017 0.978187446 -0.009560235 -0.038229605 -0.152737157 0.001000000 0.002000000 0.003000000 0.002000000 0.003000000 0.004000000
0.315000000 9.998469904 9.993880552 9.975537186 0.135652030 0.139406241 0.081848970 0.977478989 -0.009714401 -0.038845712 -0.155192676 0.001000000 0.002000000 0.003000000 0.002000000 0.003000000 0.004000000
0.320000000 9.998420946 9.993684783 9.974755085 0.137841137 0.141382678 0.083375388 0.976759594 -0.009868565 -0.039461795 -0.157647813 0.001000000 0.002000000 0.003000000 0.002000000 0.003000000 0.004000000
0.325000000 9.998371218 9.993485934 9.973960709 0.140029347 0.143350489 0.084907187 0.976029297 -0.010022729 -0.040077854 -0.160102561 0.001000000 0.002000000 0.003000000 0.002000000 0.003000000 0.004000000
0.330000000 9.998320719 9.993284005 9.973154060 0.142216569 0.145309630 0.086444279 0.975288135 -0.010176890 -0.040693888 -0.162556913 0.001000000 0.002000000 0.003000000 0.002000000 0.003000000 0.004000000
0.335000000 9.998269449 9.993078995 9.972335140 0.144402711 0.147260058 0.087986579 0.974536143 -0.010331050 -0.041309897 -0.165010865 0.001000000 0.002000000 0.003000000 0.002000000 0.003000000 0.004000000
0.340000000 9.998217409 9.992870906 9.971503952 0.146587681 0.149201731 0.089533998 0.973773361 -0.010485208 -0.041925881 -0.167464410 0.001000000 0.002000000 0.003000000 0.002000000 0.003000000 0.004000000
0.345000000 9.998164597 9.992659736 9.970660497 0.148771387 0.151134608 0.091086451 0.972999827 -0.010639365 -0.042541839 -0.169917541 0.001000000 0.002000000 0.003000000 0.002000000 0.003000000 0.004000000
0.350000000 9.998111015 9.992445487 9.969804777 0.150953739 0.153058648 0.092643850 0.972215581 -0.010793520 -0.043157770 -0.172370253 0.001000000 0.002000000 0.003000000 0.002000000 0.003000000 0.004000000
0.355000000 9.998056662 9.992228159 9.968936795 0.153134646 0.154973812 0.094206107 0.971420664 -0.010947674 -0.043773675 -0.174822539 0.001000000 0.002000000 0.003000000 0.002000000 0.003000000 0.004000000
0.360000000 9.998001538 9.992007751 9.968056553 0.155314017 0.156880061 0.095773134 0.970615119 -0.011101826 -0.044389553 -0.177274395 0.001000000 0.002000000 0.003000000 0.002000000 0.003000000 0.004000000
0.365000000 9.997945644 9.991784263 9.967164052 0.157491761 0.158777357 0.097344845 0.969798988 -0.011255976 -0.045005404 -0.179725813 0.001000000 0.002000000 0.003000000 0.002000000 0.003000000 0.004000000
0.370000000 9.997888978 9.991557697 9.966259295 0.159667789 0.160665664 0.098921150 0.968972315 -0.011410124 -0.045621226 -0.182176787 0.001000000 0.002000000 0.003000000 0.002000000 0.003000000 0.004000000
0.375000000 9.997831543 9.991328051 9.965342285 0.161842011 0.162544945 0.100501961 0.968135146 -0.011564271 -0.046237021 -0.184627312 0.001000000 0.002000000 0.003000000 0.002000000 0.003000000 0.004000000
0.380000000 9.997773336 9.991095326 9.964413023 0.164014337 0.164415166 0.102087190 0.967287525 -0.011718415 -0.046852787 -0.187077382 0.001000000 0.002000000 0.003000000 0.002000000 0.003000000 0.004000000
0.385000000 9.997714358 9.990859523 9.963471512 0.166184678 0.166276291 0.103676748 0.966429501 -0.011872558 -0.047468524 -0.189526989 0.001000000 0.002000000 0.003000000 0.002000000 0.003000000 0.004000000
0.390000000 9.997654610 9.990620641 9.962517754 0.168352946 0.168128287 0.105270546 0.965561120 -0.012026700 -0.048084232 -0.191976130 0.001000000 0.002000000 0.003000000 0.002000000 0.003000000 0.004000000
0.395000000 9.997594091 9.990378681 9.961551751 0.170519051 0.169971123 0.106868495 0.964682432 -0.012180839 -0.048699911 -0.194424796 0.001000000 0.002000000 0.003000000 0.002000000 0.003000000 0.004000000
0.400000000 9.997532802 9.990133642 9.960573507 0.172682907 0.171804765 0.108470506 0.963793487 -0.012334976 -0.049315559 -0.196872983 0.001000000 0.002000000 0.003000000 0.002000000 0.003000000 0.004000000
0.405000000 9.997470742 9.989885525 9.959583022 0.174844424 0.173629184 0.110076490 0.962894335 -0.012489112 -0.049931177 -0.199320684 0.001000000 0.002000000 0.003000000 0.002000000 0.003000000 0.004000000
0.410000000 9.997407911 9.989634330 9.958580301 0.177003516 0.175444350 0.111686357 0.961985027 -0.012643245 -0.050546763 -0.201767893 0.001000000 0.002000000 0.003000000 0.002000000 0.003000000 0.004000000
0.415000000 9.997344309 9.989380058 9.957565344 0.179160095 0.177250232 0.113300018 0.961065618 -0.012797377 -0.051162319 -0.204214605 0.001000000 0.002000000 0.003000000 0.002000000 0.003000000 0.004000000
0.420000000 9.997279937 9.989122707 9.956538155 0.181314075 0.179046804 0.114917384 0.960136159 -0.012951507 -0.051777844 -0.206660812 0.001000000 0.002000000 0.003000000 0.002000000 0.003000000 0.004000000
0.425000000 9.997214794 9.988862279 9.955498737 0.183465370 0.180834037 0.116538364 0.959196705 -0.013105634 -0.052393336 -0.209106510 0.001000000 0.002000000 0.003000000 0.002000000 0.003000000 0.004000000
0.430000000 9.997148881 9.988598774 9.954447091 0.185613894 0.182611906 0.118162868 0.958247312 -0.013259760 -0.053008796 -0.211551691 0.001000000 0.002000000 0.003000000 0.002000000 0.003000000 0.004000000
0.435000000 9.997082196 9.988332191 9.953383221 0.187759560 0.184380384 0.119790808 0.957288036 -0.013413884 -0.053624223 -0.213996351 0.001000000 0.002000000 0.003000000 0.002000000 0.003000000 0.004000000
0.440000000 9.997014742 9.988062532 9.952307128 0.189902285 0.186139447 0.121422093 0.956318934 -0.013568005 -0.054239617 -0.216440482 0.001000000 0.002000000 0.003000000 0.002000000 0.003000000 0.004000000
0.445000000 9.996946516 9.987789795 9.951218817 0.192041984 0.187889071 0.123056633 0.955340064 -0.013722125 -0.054854978 -0.218884080 0.001000000 0.002000000 0.003000000 0.002000000 0.003000000 0.004000000
0.450000000 9.996877521 9.987513982 9.950118289 0.194178572 0.189629233 0.124694339 0.954351485 -0.013876242 -0.055470305 -0.221327138 0.001000000 0.002000000 0.003000000 0.002000000 0.003000000 0.004000000
0.455000000 9.996807754 9.987235092 9.949005546 0.196311966 0.191359911 0.126335120 0.953353258 -0.014030357 -0.056085598 -0.223769649 0.001000000 0.002000000 0.003000000 0.002000000 0.003000000 0.004000000
0.460000000 9.996737217 9.986953126 9.947880593 0.198442082 0.193081084 0.127978886 0.952345441 -0.014184470 -0.056700856 -0.226211608 0.001000000 0.002000000 0.003000000 0.002000000 0.003000000 0.004000000
0.465000000 9.996665909 9.986668084 9.946743431 0.200568838 0.194792730 0.129625548 0.951328098 -0.014338581 -0.057316079 -0.228653009 0.001000000 0.002000000 0.003000000 0.002000000 0.003000000 0.004000000
0.470000000 9.996593831 9.986379965 9.945594064 0.202692151 0.196494832 0.131275015 0.950301291 -0.014492690 -0.057931267 -0.231093846 0.001000000 0.002000000 0.003000000 0.002000000 0.003000000 0.004000000
0.475000000 9.996520982 9.986088771 9.944432494 0.204811940 0.198187369 0.132927197 0.949265082 -0.014646796 -0.058546419 -0.233534113 0.001000000 0.002000000 0.003000000 0.002000000 0.003000000 0.004000000
0.480000000 9.996447363 9.985794501 9.943258724 0.206928123 0.199870324 0.134582005 0.948219537 -0.014800900 -0.059161535 -0.235973804 0.001000000 0.002000000 0.003000000 0.002000000 0.003000000 0.004000000
0.485000000 9.996372973 9.985497156 9.942072757 0.209040619 0.201543680 0.136239349 0.947164719 -0.014955002 -0.059776614 -0.238412912 0.001000000 0.002000000 0.003000000 0.002000000 0.003000000 0.004000000
0.490000000 9.996297813 9.985196735 9.940874596 0.211149348 0.203207421 0.137899138 0.946100695 -0.015109102 -0.060391657 -0.240851432 0.001000000 0.002000000 0.003000000 0.002000000 0.003000000 0.004000000
0.495000000 9.996221882 9.984893239 9.939664243 0.213254230 0.204861531 0.139561283 0.945027531 -0.015263199 -0.061006662 -0.243289358 0.001000000 0.002000000 0.003000000 0.002000000 0.003000000 0.004000000
0.500000000 9.996145181 9.984586669 9.938441703 0.215355186 0.206505997 0.141225694 0.943945295 -0.015417294 -0.061621630 -0.245726683 0.001000000 0.002000000 0.003000000 0.002000000 0.003000000 0.004000000
0.505000000 9.996067710 9.984277023 9.937206978 0.217452137 0.208140804 0.142892281 0.942854055 -0.015571386 -0.062236559 -0.248163402 0.001000000 0.002000000 0.003000000 0.002000000 0.003000000 0.004000000
0.510000000 9.995989467 9.983964303 9.935960070 0.219545004 0.209765940 0.144560956 0.941753881 -0.015725476 -0.062851451 -0.250599509 0.001000000 0.002000000 0.003000000 0.002000000 0.003000000 0.004000000
0.515000000 9.995910455 9.983648509 9.934700983 0.221633711 0.211381392 0.146231627 0.940644841 -0.015879564 -0.063466303 -0.253034998 0.001000000 0.002000000 0.003000000 0.002000000 0.003000000 0.004000000
0.520000000 9.995830672 9.983329640 9.933429721 0.223718180 0.212987151 0.147904207 0.939527006 -0.016033649 -0.064081116 -0.255469862 0.001000000 0.002000000 0.003000000 0.002000000 0.003000000 0.004000000
0.525000000 9.995750118 9.983007698 9.932146286 0.225798333 0.214583205 0.149578605 0.938400449 -0.016187732 -0.064695890 -0.257904095 0.001000000 0.002000000 0.003000000 0.002000000 0.003000000 0.004000000
0.530000000 9.995668794 9.982682681 9.930850681 0.227874096 0.216169545 0.151254732 0.937265240 -0.016341812 -0.065310624 -0.260337693 0.001000000 0.002000000 0.003000000 0.002000000 0.003000000 0.004000000
0.535000000 9.995586700 9.982354591 9.929542910 0.229945393 0.217746162 0.152932500 0.936121453 -0.016495890 -0.065925318 -0.262770648 0.001000000 0.002000000 0.003000000 0.002000000 0.003000000 0.004000000
0.540000000 9.995503836 9.982023428 9.928222976 0.232012149 0.219313049 0.154611820 0.934969162 -0.016649965 -0.066539971 -0.265202955 0.001000000 0.002000000 0.003000000 0.002000000 0.003000000 0.004000000
0.545000000 9.995420200 9.981689192 9.926890882 0.234074289 0.220870198 0.156292602 0.933808441 -0.016804038 -0.067154583 -0.267634607 0.001000000 0.002000000 0.003000000 0.002000000 0.003000000 0.004000000
0.550000000 9.995335795 9.981351882 9.925546631 0.236131740 0.222417605 0.157974758 0.932639366 -0.016958108 -0.067769153 -0.270065599 0.001000000 0.002000000 0.003000000 0.002000000 0.003000000 0.004000000
0.555000000 9.995250619 9.981011500 9.924190227 0.238184429 0.223955262 0.159658199 0.931462011 -0.017112175 -0.068383682 -0.272495925 0.001000000 0.002000000 0.003000000 0.002000000 0.003000000 0.004000000
0.560000000 9.995164673 9.980668046 9.922821673 0.240232283 0.225483166 0.161342838 0.930276454 -0.017266240 -0.068998168 -0.274925578 0.001000000 0.002000000 0.003000000 0.002000000 0.003000000 0.004000000
0.565000000 9.995077957 9.980321519 9.921440972 0.242275230 0.227001313 0.163028587 0.929082772 -0.017420302 -0.069612612 -0.277354553 0.001000000 0.002000000 0.003000000 0.002000000 0.003000000 0.004000000
0.570000000 9.994990470 9.979971920 9.920048128 0.244313200 0.228509700 0.164715356 0.927881042 -0.017574361 -0.070227013 -0.279782844 0.001000000 0.002000000 0.003000000 0.002000000 0.003000000 0.004000000
0.575000000 9.994902213 9.979619249 9.918643145 0.246346121 0.230008325 0.166403059 0.926671345 -0.017728418 -0.070841371 -0.282210444 0.001000000 0.002000000 0.003000000 0.002000000 0.003000000 0.004000000
0.580000000 9.994813186 9.979263506 9.917226025 0.248373924 0.231497187 0.168091608 0.925453758 -0.017882472 -0.071455685 -0.284637348 0.001000000 0.002000000 0.003000000 0.002000000 0.003000000 0.004000000
0.585000000 9.994723389 9.978904692 9.915796772 0.250396539 0.232976284 0.169780916 0.924228362 -0.018036523 -0.072069955 -0.287063550 0.001000000 0.002000000 0.003000000 0.002000000 0.003000000 0.004000000
0.590000000 9.994632821 9.978542807 9.914355391 0.252413897 0.234445618 0.171470896 0.922995238 -0.018190572 -0.072684180 -0.289489043 0.001000000 0.002000000 0.003000000 0.002000000 0.003000000 0.004000000
0.595000000 9.994541483 9.978177850 9.912901883 0.254425930 0.235905189 0.173161461 0.921754466 -0.018344617 -0.073298361 -0.291913822 0.001000000 0.002000000 0.003000000 0.002000000 0.003000000 0.004000000
0.600000000 9.994449375 9.977809823 9.911436254 0.256432571 0.237354999 0.174852524 0.920506130 -0.018498660 -0.073912496 -0.294337881 0.001000000 0.002000000 0.003000000 0.002000000 0.003000000 0.004000000
0.605000000 9.994356496 9.977438725 9.909958506 0.258433753 0.238795051 0.176543998 0.919250312 -0.018652700 -0.074526586 -0.296761213 0.001000000 0.002000000 0.003000000 0.002000000 0.003000000 0.004000000
0.610000000 9.994262848 9.977064557 9.908468643 0.260429410 0.240225348 0.178235799 0.917987094 -0.018806737 -0.075140630 -0.299183813 0.001000000 0.002000000 0.003000000 0.002000000 0.003000000 0.004000000
0.615000000 9.994168429 9.976687319 9.906966669 0.262419477 0.241645894 0.179927840 0.916716561 -0.018960771 -0.075754628 -0.301605676 0.001000000 0.002000000 0.003000000 0.002000000 0.003000000 0.004000000
0.620000000 9.994073240 9.976307011 9.905452587 0.264403888 0.243056694 0.181620034 0.915438797 -0.019114802 -0.076368578 -0.304026793 0.001000000 0.002000000 0.003000000 0.002000000 0.003000000 0.004000000
0.625000000 9.993977281 9.975923633 9.903926402 0.266382580 0.244457753 0.183312298 0.914153887 -0.019268831 -0.076982482 -0.306447161 0.001000000 0.002000000 0.003000000 0.002000000 0.003000000 0.004000000
0.630000000 9.993880552 9.975537186 9.902388117 0.268355489 0.245849078 0.185004547 0.912861917 -0.019422856 -0.077596338 -0.308866773 0.001000000 0.002000000 0.003000000 0.002000000 0.003000000 0.004000000
0.635000000 9.993783052 9.975147670 9.900837736 0.270322552 0.247230676 0.186696694 0.911562974 -0.019576878 -0.078210146 -0.311285622 0.001000000 0.002000000 0.003000000 0.002000000 0.003000000 0.004000000
0.640000000 9.993684783 9.974755085 9.899275262 0.272283708 0.248602554 0.188388657 0.910257143 -0.019730898 -0.078823907 -0.313703704 0.001000000 0.002000000 0.003000000 0.002000000 0.003000000 0.004000000
0.645000000 9.993585744 9.974359431 9.897700700 0.274238895 0.249964722 0.190080350 0.908944512 -0.019884914 -0.079437618 -0.316121011 0.001000000 0.002000000 0.003000000 0.002000000 0.003000000 0.004000000
0.650000000 9.993485934 9.973960709 9.896114053 0.276188052 0.251317189 0.191771690 0.907625170 -0.020038927 -0.080051280 -0.318537539 0.001000000 0.002000000 0.003000000 0.002000000 0.003000000 0.004000000
0.655000000 9.993385354 9.973558918 9.894515326 0.278131120 0.252659963 0.193462594 0.906299204 -0.020192937 -0.080664893 -0.320953280 0.001000000 0.002000000 0.003000000 0.002000000 0.003000000 0.004000000
0.660000000 9.993284005 9.973154060 9.892904522 0.280068039 0.253993057 0.195152978 0.904966704 -0.020346944 -0.081278457 -0.323368230 0.001000000 0.002000000 0.003000000 0.002000000 0.003000000 0.004000000
0.665000000 9.993181885 9.972746134 9.891281645 0.281998750 0.255316482 0.196842760 0.903627759 -0.020500948 -0.081891970 -0.325782381 0.001000000 0.002000000 0.003000000 0.002000000 0.003000000 0.004000000
0.670000000 9.993078995 9.972335140 9.889646699 0.283923197 0.256630249 0.198531857 0.902282459 -0.020654949 -0.082505433 -0.328195729 0.001000000 0.002000000 0.003000000 0.002000000 0.003000000 0.004000000
0.675000000 9.992975335 9.971921080 9.887999689 0.285841321 0.257934372 0.200220187 0.900930894 -0.020808946 -0.083118844 -0.330608267 0.001000000 0.002000000 0.003000000 0.002000000 0.003000000 0.004000000
0.680000000 9.992870906 9.971503952 9.886340618 0.287753066 0.259228864 0.201907668 0.899573156 -0.020962941 -0.083732205 -0.333019990 0.001000000 0.002000000 0.003000000 0.002000000 0.003000000 0.004000000
0.685000000 9.992765706 9.971083758 9.884669490 0.289658377 0.260513738 0.203594218 0.898209336 -0.021116932 -0.084345514 -0.335430890 0.001000000 0.002000000 0.003000000 0.002000000 0.003000000 0.004000000
0.690000000 9.992659736 9.970660497 9.882986310 0.291557199 0.261789011 0.205279758 0.896839525 -0.021270919 -0.084958770 -0.337840963 0.001000000 0.002000000 0.003000000 0.002000000 0.003000000 0.004000000
0.695000000 9.992552997 9.970234170 9.881291082 0.293449478 0.263054697 0.206964205 0.895463817 -0.021424904 -0.085571975 -0.340250202 0.001000000 0.002000000 0.003000000 0.002000000 0.003000000 0.004000000
0.700000000 9.992445487 9.969804777 9.879583810 0.295335159 0.264310813 0.208647481 0.894082304 -0.021578885 -0.086185126 -0.342658602 0.001000000 0.002000000 0.003000000 0.002000000 0.003000000 0.004000000
0.705000000 9.992337208 9.969372319 9.877864497 0.297214191 0.265557375 0.210329504 0.892695080 -0.021732863 -0.086798225 -0.345066157 0.001000000 0.002000000 0.003000000 0.002000000 0.003000000 0.004000000
0.710000000 9.992228159 9.968936795 9.876133150 0.299086522 0.266794401 0.212010195 0.891302237 -0.021886838 -0.087411270 -0.347472860 0.001000000 0.002000000 0.003000000 0.002000000 0.003000000 0.004000000
0.715000000 9.992118340 9.968498206 9.874389770 0.300952099 0.268021909 0.213689475 0.889903870 -0.022040809 -0.088024261 -0.349878705 0.001000000 0.002000000 0.003000000 0.002000000 0.003000000 0.004000000
0.720000000 9.992007751 9.968056553 9.872634364 0.302810873 0.269239918 0.215367266 0.888500074 -0.022194777 -0.088637197 -0.352283688 0.001000000 0.002000000 0.003000000 0.002000000 0.003000000 0.004000000
0.725000000 9.991896392 9.967611834 9.870866935 0.304662793 0.270448447 0.217043489 0.887090944 -0.022348741 -0.089250079 -0.354687801 0.001000000 0.002000000 0.003000000 0.002000000 0.003000000 0.004000000
0.730000000 9.991784263 9.967164052 9.869087487 0.306507812 0.271647517 0.218718066 0.885676575 -0.022502702 -0.089862906 -0.357091039 0.001000000 0.002000000 0.003000000 0.002000000 0.003000000 0.004000000
0.735000000 9.991671365 9.966713205 9.867296026 0.308345880 0.272837147 0.220390920 0.884257062 -0.022656659 -0.090475678 -0.359493395 0.001000000 0.002000000 0.003000000 0.002000000 0.003000000 0.004000000
0.740000000 9.991557697 9.966259295 9.865492555 0.310176949 0.274017360 0.222061974 0.882832502 -0.022810613 -0.091088394 -0.361894865 0.001000000 0.002000000 0.003000000 0.002000000 0.003000000 0.004000000
0.745000000 9.991443259 9.965802322 9.863677079 0.312000974 0.275188177 0.223731150 0.881402991 -0.022964564 -0.091701053 -0.364295442 0.001000000 0.002000000 0.003000000 0.002000000 0.003000000 0.004000000
0.750000000 9.991328051 9.965342285 9.861849602 0.313817908 0.276349620 0.225398373 0.879968625 -0.023118511 -0.092313656 -0.366695120 0.001000000 0.002000000 0.003000000 0.002000000 0.003000000 0.004000000
0.755000000 9.991212074 9.964879185 9.860010129 0.315627705 0.277501713 0.227063568 0.878529503 -0.023272454 -0.092926202 -0.369093893 0.001000000 0.002000000 0.003000000 0.002000000 0.003000000 0.004000000
0.760000000 9.991095326 9.964413023 9.858158665 0.317430322 0.278644479 0.228726657 0.877085721 -0.023426394 -0.093538691 -0.371491756 0.001000000 0.002000000 0.003000000 0.002000000 0.003000000 0.004000000
0.765000000 9.990977810 9.963943798 9.856295213 0.319225714 0.279777942 0.230387568 0.875637376 -0.023580330 -0.094151122 -0.373888702 0.001000000 0.002000000 0.003000000 0.002000000 0.003000000 0.004000000
0.770000000 9.990859523 9.963471512 9.854419779 0.321013839 0.280902128 0.232046225 0.874184568 -0.023734262 -0.094763495 -0.376284725 0.001000000 0.002000000 0.003000000 0.002000000 0.003000000 0.004000000
0.775000000 9.990740467 9.962996163 9.852532367 0.322794654 0.282017061 0.233702554 0.872727394 -0.023888191 -0.095375809 -0.378679820 0.001000000 0.002000000 0.003000000 0.002000000 0.003000000 0.004000000
0.780000000 9.990620641 9.962517754 9.850632982 0.324568117 0.283122768 0.235356483 0.871265954 -0.024042116 -0.095988065 -0.381073981 0.001000000 0.002000000 0.003000000 0.002000000 0.003000000 0.004000000
0.785000000 9.990500046 9.962036283 9.848721629 0.326334188 0.284219274 0.237007937 0.869800345 -0.024196038 -0.096600261 -0.383467201 0.001000000 0.002000000 0.003000000 0.002000000 0.003000000 0.004000000
0.790000000 9.990378681 9.961551751 9.846798312 0.328092827 0.285306608 0.238656844 0.868330667 -0.024349955 -0.097212398 -0.385859475 0.001000000 0.002000000 0.003000000 0.002000000 0.003000000 0.004000000
0.795000000 9.990256546 9.961064159 9.844863036 0.329843995 0.286384796 0.240303132 0.866857020 -0.024503869 -0.097824475 -0.388250797 0.001000000 0.002000000 0.003000000 0.002000000 0.003000000 0.004000000
0.800000000 9.990133642 9.960573507 9.842915806 0.331587652 0.287453867 0.241946730 0.865379502 -0.024657779 -0.098436491 -0.390641161 0.001000000 0.002000000 0.003000000 0.002000000 0.003000000 0.004000000
0.805000000 9.990009968 9.960079794 9.840956626 0.333323762 0.288513849 0.243587567 0.863898215 -0.024811686 -0.099048447 -0.393030562 0.001000000 0.002000000 0.003000000 0.002000000 0.003000000 0.004000000
0.810000000 9.989885525 9.959583022 9.838985502 0.335052287 0.289564771 0.245225571 0.862413258 -0.024965588 -0.099660342 -0.395418992 0.001000000 0.002000000 0.003000000 0.002000000 0.003000000 0.004000000
0.815000000 9.989760313 9.959083191 9.837002438 0.336773192 0.290606664 0.246860672 0.860924731 -0.025119487 -0.100272175 -0.397806447 0.001000000 0.002000000 0.003000000 0.002000000 0.003000000 0.004000000
0.820000000 9.989634330 9.958580301 9.835007439 0.338486440 0.291639556 0.248492801 0.859432736 -0.025273382 -0.100883947 -0.400192920 0.001000000 0.002000000 0.003000000 0.002000000 0.003000000 0.004000000
0.825000000 9.989507579 9.958074352 9.833000510 0.340191997 0.292663479 0.250121889 0.857937372 -0.025427273 -0.101495656 -0.402578406 0.001000000 0.002000000 0.003000000 0.002000000 0.003000000 0.004000000
0.830000000 9.989380058 9.957565344 9.830981656 0.341889829 0.293678464 0.251747867 0.856438740 -0.025581160 -0.102107302 -0.404962898 0.001000000 0.002000000 0.003000000 0.002000000 0.003000000 0.004000000
0.835000000 9.989251767 9.957053279 9.828950883 0.343579903 0.294684542 0.253370667 0.854936943 -0.025735043 -0.102718886 -0.407346392 0.001000000 0.002000000 0.003000000 0.002000000 0.003000000 0.004000000
0.840000000 9.989122707 9.956538155 9.826908194 0.345262186 0.295681746 0.254990220 0.853432080 -0.025888922 -0.103330406 -0.409728880 0.001000000 0.002000000 0.003000000 0.002000000 0.003000000 0.004000000
0.845000000 9.988992878 9.956019975 9.824853596 0.346936647 0.296670107 0.256606461 0.851924254 -0.026042797 -0.103941862 -0.412110357 0.001000000 0.002000000 0.003000000 0.002000000 0.003000000 0.004000000
0.850000000 9.988862279 9.955498737 9.822787092 0.348603254 0.297649659 0.258219322 0.850413566 -0.026196668 -0.104553255 -0.414490818 0.001000000 0.002000000 0.003000000 0.002000000 0.003000000 0.004000000
0.855000000 9.988730911 9.954974442 9.820708689 0.350261978 0.298620436 0.259828736 0.848900118 -0.026350535 -0.105164583 -0.416870255 0.001000000 0.002000000 0.003000000 0.002000000 0.003000000 0.004000000
0.860000000 9.988598774 9.954447091 9.818618391 0.351912789 0.299582471 0.261434639 0.847384010 -0.026504398 -0.105775846 -0.419248664 0.001000000 0.002000000 0.003000000 0.002000000 0.003000000 0.004000000
0.865000000 9.988465867 9.953916684 9.816516204 0.353555658 0.300535798 0.263036966 0.845865347 -0.026658257 -0.106387043 -0.421626039 0.001000000 0.002000000 0.003000000 0.002000000 0.003000000 0.004000000
0.870000000 9.988332191 9.953383221 9.814402133 0.355190557 0.301480453 0.264635651 0.844344229 -0.026812112 -0.106998175 -0.424002373 0.001000000 0.002000000 0.003000000 0.002000000 0.003000000 0.004000000
0.875000000 9.988197746 9.952846702 9.812276182 0.356817460 0.302416470 0.266230631 0.842820758 -0.026965962 -0.107609242 -0.426377662 0.001000000 0.002000000 0.003000000 0.002000000 0.003000000 0.004000000
0.880000000 9.988062532 9.952307128 9.810138358 0.358436339 0.303343885 0.267821841 0.841295037 -0.027119809 -0.108220241 -0.428751898 0.001000000 0.002000000 0.003000000 0.002000000 0.003000000 0.004000000
0.885000000 9.987926548 9.951764500 9.807988665 0.360047169 0.304262733 0.269409220 0.839767169 -0.027273651 -0.108831174 -0.431125076 0.001000000 0.002000000 0.003000000 0.002000000 0.003000000 0.004000000
0.890000000 9.987789795 9.951218817 9.805827109 0.361649924 0.305173052 0.270992704 0.838237255 -0.027427489 -0.109442040 -0.433497190 0.001000000 0.002000000 0.003000000 0.002000000 0.003000000 0.004000000
0.895000000 9.987652273 9.950670080 9.803653695 0.363244581 0.306074878 0.272572231 0.836705397 -0.027581323 -0.110052838 -0.435868235 0.001000000 0.002000000 0.003000000 0.002000000 0.003000000 0.004000000
0.900000000 9.987513982 9.950118289 9.801468428 0.364831116 0.306968247 0.274147741 0.835171700 -0.027735153 -0.110663569 -0.438238205 0.001000000 0.002000000 0.003000000 0.002000000 0.003000000 0.004000000
0.905000000 9.987374922 9.949563444 9.799271315 0.366409506 0.307853199 0.275719172 0.833636264 -0.027888978 -0.111274231 -0.440607093 0.001000000 0.002000000 0.003000000 0.002000000 0.003000000 0.004000000
0.910000000 9.987235092 9.949005546 9.797062359 0.367979730 0.308729770 0.277286463 0.832099192 -0.028042799 -0.111884824 -0.442974894 0.001000000 0.002000000 0.003000000 0.002000000 0.003000000 0.004000000
0.915000000 9.987094494 9.948444596 9.794841568 0.369541764 0.309597998 0.278849555 0.830560588 -0.028196616 -0.112495349 -0.445341601 0.001000000 0.002000000 0.003000000 0.002000000 0.003000000 0.004000000
0.920000000 9.986953126 9.947880593 9.792608945 0.371095590 0.310457923 0.280408389 0.829020553 -0.028350428 -0.113105804 -0.447707211 0.001000000 0.002000000 0.003000000 0.002000000 0.003000000 0.004000000
0.925000000 9.986810990 9.947313538 9.790364497 0.372641187 0.311309582 0.281962906 0.827479190 -0.028504236 -0.113716189 -0.450071715 0.001000000 0.002000000 0.003000000 0.002000000 0.003000000 0.004000000
0.930000000 9.986668084 9.946743431 9.788108230 0.374178535 0.312153016 0.283513047 0.825936602 -0.028658039 -0.114326505 -0.452435109 0.001000000 0.002000000 0.003000000 0.002000000 0.003000000 0.004000000
0.935000000 9.986524409 9.946170273 9.785840148 0.375707617 0.312988265 0.285058755 0.824392891 -0.028811839 -0.114936749 -0.454797386 0.001000000 0.002000000 0.003000000 0.002000000 0.003000000 0.004000000
0.940000000 9.986379965 9.945594064 9.783560258 0.377228414 0.313815367 0.286599973 0.822848160 -0.028965633 -0.115546923 -0.457158542 0.001000000 0.002000000 0.003000000 0.002000000 0.003000000 0.004000000
0.945000000 9.986234753 9.945014804 9.781268565 0.378740910 0.314634363 0.288136644 0.821302512 -0.029119424 -0.116157026 -0.459518569 0.001000000 0.002000000 0.003000000 0.002000000 0.003000000 0.004000000
0.950000000 9.986088771 9.944432494 9.778965074 0.380245087 0.315445293 0.289668712 0.819756048 -0.029273209 -0.116767057 -0.461877463 0.001000000 0.002000000 0.003000000 0.002000000 0.003000000 0.004000000
0.955000000 9.985942021 9.943847134 9.776649792 0.381740931 0.316248200 0.291196122 0.818208871 -0.029426991 -0.117377015 -0.464235217 0.001000000 0.002000000 0.003000000 0.002000000 0.003000000 0.004000000
0.960000000 9.985794501 9.943258724 9.774322724 0.383228425 0.317043123 0.292718819 0.816661084 -0.029580767 -0.117986902 -0.466591825 0.001000000 0.002000000 0.003000000 0.002000000 0.003000000 0.004000000
0.965000000 9.985646213 9.942667265 9.771983875 0.384707557 0.317830103 0.294236747 0.815112788 -0.029734540 -0.118596715 -0.468947282 0.001000000 0.002000000 0.003000000 0.002000000 0.003000000 0.004000000
0.970000000 9.985497156 9.942072757 9.769633253 0.386178312 0.318609184 0.295749854 0.813564087 -0.029888307 -0.119206456 -0.471301583 0.001000000 0.002000000 0.003000000 0.002000000 0.003000000 0.004000000
0.975000000 9.985347330 9.941475200 9.767270862 0.387640677 0.319380406 0.297258086 0.812015081 -0.030042070 -0.119816123 -0.473654720 0.001000000 0.002000000 0.003000000 0.002000000 0.003000000 0.004000000
0.980000000 9.985196735 9.940874596 9.764896708 0.389094640 0.320143812 0.298761390 0.810465874 -0.030195828 -0.120425716 -0.476006688 0.001000000 0.002000000 0.003000000 0.002000000 0.003000000 0.004000000
0.985000000 9.985045372 9.940270943 9.762510797 0.390540189 0.320899444 0.300259714 0.808916566 -0.030349582 -0.121035235 -0.478357482 0.001000000 0.002000000 0.003000000 0.002000000 0.003000000 0.004000000
0.990000000 9.984893239 9.939664243 9.760113135 0.391977314 0.321647345 0.301753006 0.807367261 -0.030503331 -0.121644679 -0.480707096 0.001000000 0.002000000 0.003000000 0.002000000 0.003000000 0.004000000
0.995000000 9.984740338 9.939054496 9.757703728 0.393406003 0.322387559 0.303241216 0.805818059 -0.030657075 -0.122254048 -0.483055524 0.001000000 0.002000000 0.003000000 0.002000000 0.003000000 0.004000000
1.000000000 9.984586669 9.938441703 9.755282581 0.394826249 0.323120127 0.304724291 0.804269061 -0.030810815 -0.122863342 -0.485402760 0.001000000 0.002000000 0.003000000 0.002000000 0.003000000 0.004000000
1.005000000 9.984432230 9.937825863 9.752849702 0.396238040 0.323845094 0.306202184 0.802720370 -0.030964550 -0.123472559 -0.487748798 0.001000000 0.002000000 0.003000000 0.002000000 0.003000000 0.004000000
1.010000000 9.984277023 9.937206978 9.750405096 0.397641370 0.324562503 0.307674843 0.801172087 -0.031118280 -0.124081701 -0.490093632 0.001000000 0.002000000 0.003000000 0.002000000 0.003000000 0.004000000
1.015000000 9.984121047 9.936585046 9.747948768 0.399036230 0.325272399 0.309142220 0.799624313 -0.031272005 -0.124690766 -0.492437258 0.001000000 0.002000000 0.003000000 0.002000000 0.003000000 0.004000000
1.020000000 9.983964303 9.935960070 9.745480725 0.400422614 0.325974824 0.310604266 0.798077148 -0.031425725 -0.125299755 -0.494779668 0.001000000 0.002000000 0.003000000 0.002000000 0.003000000 0.004000000
1.025000000 9.983806790 9.935332049 9.743000973 0.401800515 0.326669824 0.312060935 0.796530693 -0.031579441 -0.125908665 -0.497120858 0.001000000 0.002000000 0.003000000 0.002000000 0.003000000 0.004000000
1.030000000 9.983648509 9.934700983 9.740509518 0.403169927 0.327357442 0.313512177 0.794985050 -0.031733152 -0.126517499 -0.499460820 0.001000000 0.002000000 0.003000000 0.002000000 0.003000000 0.004000000
1.035000000 9.983489459 9.934066874 9.738006367 0.404530845 0.328037724 0.314957947 0.793440318 -0.031886857 -0.127126254 -0.501799551 0.001000000 0.002000000 0.003000000 0.002000000 0.003000000 0.004000000
1.040000000 9.983329640 9.933429721 9.735491525 0.405883265 0.328710715 0.316398198 0.791896598 -0.032040558 -0.127734931 -0.504137043 0.001000000 0.002000000 0.003000000 0.002000000 0.003000000 0.004000000
1.045000000 9.983169053 9.932789525 9.732964999 0.407227182 0.329376458 0.317832884 0.790353989 -0.032194254 -0.128343529 -0.506473292 0.001000000 0.002000000 0.003000000 0.002000000 0.003000000 0.004000000
1.050000000 9.983007698 9.932146286 9.730426794 0.408562594 0.330035000 0.319261961 0.788812592 -0.032347945 -0.128952048 -0.508808291 0.001000000 0.002000000 0.003000000 0.002000000 0.003000000 0.004000000
1.055000000 9.982845574 9.931500005 9.727876918 0.409889498 0.330686385 0.320685384 0.787272506 -0.032501631 -0.129560487 -0.511142034 0.001000000 0.002000000 0.003000000 0.002000000 0.003000000 0.004000000
1.060000000 9.982682681 9.930850681 9.725315376 0.411207891 0.331330659 0.322103108 0.785733831 -0.032655312 -0.130168846 -0.513474516 0.001000000 0.002000000 0.003000000 0.002000000 0.003000000 0.004000000
1.065000000 9.982519021 9.930198316 9.722742175 0.412517773 0.331967868 0.323515089 0.784196665 -0.032808988 -0.130777126 -0.515805731 0.001000000 0.002000000 0.003000000 0.002000000 0.003000000 0.004000000
1.070000000 9.982354591 9.929542910 9.720157321 0.413819141 0.332598057 0.324921286 0.782661107 -0.032962659 -0.131385324 -0.518135674 0.001000000 0.002000000 0.003000000 0.002000000 0.003000000 0.004000000
1.075000000 9.982189394 9.928884463 9.717560820 0.415111997 0.333221272 0.326321655 0.781127257 -0.033116325 -0.131993441 -0.520464338 0.001000000 0.002000000 0.003000000 0.002000000 0.003000000 0.004000000
1.080000000 9.982023428 9.928222976 9.714952679 0.416396339 0.333837559 0.327716155 0.779595212 -0.033269985 -0.132601477 -0.522791718 0.001000000 0.002000000 0.003000000 0.002000000 0.003000000 0.004000000
1.085000000 9.981856694 9.927558448 9.712332905 0.417672170 0.334446965 0.329104743 0.778065071 -0.033423641 -0.133209432 -0.525117808 0.001000000 0.002000000 0.003000000 0.002000000 0.003000000 0.004000000
1.090000000 9.981689192 9.926890882 9.709701504 0.418939490 0.335049534 0.330487380 0.776536931 -0.033577291 -0.133817304 -0.527442602 0.001000000 0.002000000 0.003000000 0.002000000 0.003000000 0.004000000
1.095000000 9.981520921 9.926220276 9.707058481 0.420198301 0.335645315 0.331864024 0.775010890 -0.033730937 -0.134425093 -0.529766095 0.001000000 0.002000000 0.003000000 0.002000000 0.003000000 0.004000000
1.100000000 9.981351882 9.925546631 9.704403845 0.421448606 0.336234352 0.333234635 0.773487046 -0.033884577 -0.135032800 -0.532088281 0.001000000 0.002000000 0.003000000 0.002000000 0.003000000 0.004000000
1.105000000 9.981182075 9.924869948 9.701737601 0.422690408 0.336816692 0.334599175 0.771965496 -0.034038211 -0.135640423 -0.534409154 0.001000000 0.002000000 0.003000000 0.002000000 0.003000000 0.004000000
1.110000000 9.981011500 9.924190227 9.699059755 0.423923711 0.337392383 0.335957605 0.770446335 -0.034191841 -0.136247962 -0.536728708 0.001000000 0.002000000 0.003000000 0.002000000 0.003000000 0.004000000
1.115000000 9.980840157 9.923507468 9.696370316 0.425148517 0.337961469 0.337309886 0.768929661 -0.034345465 -0.136855418 -0.539046938 0.001000000 0.002000000 0.003000000 0.002000000 0.003000000 0.004000000
1.120000000 9.980668046 9.922821673 9.693669288 0.426364834 0.338523999 0.338655980 0.767415570 -0.034499084 -0.137462789 -0.541363838 0.001000000 0.002000000 0.003000000 0.002000000 0.003000000 0.004000000
1.125000000 9.980495166 9.922132840 9.690956680 0.427572664 0.339080019 0.339995850 0.765904158 -0.034652698 -0.138070075 -0.543679402 0.001000000 0.002000000 0.003000000 0.002000000 0.003000000 0.004000000
1.130000000 9.980321519 9.921440972 9.688232496 0.428772015 0.339629576 0.341329459 0.764395520 -0.034806306 -0.138677277 -0.545993625 0.001000000 0.002000000 0.003000000 0.002000000 0.003000000 0.004000000
1.135000000 9.980147103 9.920746068 9.685496746 0.429962892 0.340172716 0.342656772 0.762889751 -0.034959909 -0.139284392 -0.548306500 0.001000000 0.002000000 0.003000000 0.002000000 0.003000000 0.004000000
1.140000000 9.979971920 9.920048128 9.682749434 0.431145301 0.340709486 0.343977751 0.761386946 -0.035113507 -0.139891422 -0.550618023 0.001000000 0.002000000 0.003000000 0.002000000 0.003000000 0.004000000
1.145000000 9.979795968 9.919347154 9.679990568 0.432319251 0.341239934 0.345292363 0.759887200 -0.035267099 -0.140498365 -0.552928187 0.001000000 0.002000000 0.003000000 0.002000000 0.003000000 0.004000000
1.150000000 9.979619249 9.918643145 9.677220154 0.433484749 0.341764106 0.346600572 0.758390606 -0.035420686 -0.141105222 -0.555236986 0.001000000 0.002000000 0.003000000 0.002000000 0.003000000 0.004000000
1.155000000 9.979441761 9.917936102 9.674438200 0.434641803 0.342282049 0.347902343 0.756897259 -0.035574267 -0.141711992 -0.557544416 0.001000000 0.002000000 0.003000000 0.002000000 0.003000000 0.004000000
1.160000000 9.979263506 9.917226025 9.671644712 0.435790422 0.342793810 0.349197644 0.755407252 -0.035727843 -0.142318674 -0.559850470 0.001000000 0.002000000 0.003000000 0.002000000 0.003000000 0.004000000
1.165000000 9.979084483 9.916512915 9.668839698 0.436930615 0.343299437 0.350486441 0.753920679 -0.035881413 -0.142925268 -0.562155143 0.001000000 0.002000000 0.003000000 0.002000000 0.003000000 0.004000000
1.170000000 9.978904692 9.915796772 9.666023163 0.438062391 0.343798975 0.351768700 0.752437631 -0.036034977 -0.143531775 -0.564458428 0.001000000 0.002000000 0.003000000 0.002000000 0.003000000 0.004000000
1.175000000 9.978724133 9.915077597 9.663195116 0.439185760 0.344292473 0.353044391 0.750958201 -0.036188537 -0.144138193 -0.566760321 0.001000000 0.002000000 0.003000000 0.002000000 0.003000000 0.004000000
1.180000000 9.978542807 9.914355391 9.660355562 0.440300733 0.344779977 0.354313480 0.749482481 -0.036342090 -0.144744521 -0.569060815 0.001000000 0.002000000 0.003000000 0.002000000 0.003000000 0.004000000
1.185000000 9.978360712 9.913630152 9.657504510 0.441407322 0.345261533 0.355575937 0.748010563 -0.036495638 -0.145350761 -0.571359906 0.001000000 0.002000000 0.003000000 0.002000000 0.003000000 0.004000000
1.190000000 9.978177850 9.912901883 9.654641966 0.442505536 0.345737190 0.356831731 0.746542538 -0.036649181 -0.145956911 -0.573657586 0.001000000 0.002000000 0.003000000 0.002000000 0.003000000 0.004000000
1.195000000 9.977994220 9.912170583 9.651767936 0.443595389 0.346206994 0.358080831 0.745078497 -0.036802717 -0.146562971 -0.575953851 0.001000000 0.002000000 0.003000000 0.002000000 0.003000000 0.004000000
1.200000000 9.977809823 9.911436254 9.648882429 0.444676892 0.346670991 0.359323207 0.743618530 -0.036956248 -0.147168940 -0.578248695 0.001000000 0.002000000 0.003000000 0.002000000 0.003000000 0.004000000
1.205000000 9.977624658 9.910698894 9.645985452 0.445750058 0.347129230 0.360558830 0.742162727 -0.037109774 -0.147774819 -0.580542112 0.001000000 0.002000000 0.003000000 0.002000000 0.003000000 0.004000000
1.210000000 9.977438725 9.909958506 9.643077011 0.446814901 0.347581755 0.361787672 0.740711178 -0.037263293 -0.148380607 -0.582834097 0.001000000 0.002000000 0.003000000 0.002000000 0.003000000 0.004000000
1.215000000 9.977252025 9.909215088 9.640157113 0.447871432 0.348028615 0.363009702 0.739263971 -0.037416807 -0.148986303 -0.585124644 0.001000000 0.002000000 0.003000000 0.002000000 0.003000000 0.004000000
1.220000000 9.977064557 9.908468643 9.637225767 0.448919667 0.348469856 0.364224894 0.737821197 -0.037570315 -0.149591907 -0.587413747 0.001000000 0.002000000 0.003000000 0.002000000 0.003000000 0.004000000
1.225000000 9.976876322 9.907719169 9.634282978 0.449959620 0.348905524 0.365433221 0.736382942 -0.037723817 -0.150197419 -0.589701400 0.001000000 0.002000000 0.003000000 0.002000000 0.003000000 0.004000000
1.230000000 9.976687319 9.906966669 9.631328755 0.450991305 0.349335667 0.366634653 0.734949295 -0.037877314 -0.150802838 -0.591987599 0.001000000 0.002000000 0.003000000 0.002000000 0.003000000 0.004000000
1.235000000 9.976497549 9.906211141 9.628363105 0.452014737 0.349760330 0.367829166 0.733520343 -0.038030804 -0.151408164 -0.594272337 0.001000000 0.002000000 0.003000000 0.002000000 0.003000000 0.004000000
1.240000000 9.976307011 9.905452587 9.625386034 0.453029932 0.350179561 0.369016732 0.732096174 -0.038184289 -0.152013397 -0.596555608 0.001000000 0.002000000 0.003000000 0.002000000 0.003000000 0.004000000
1.245000000 9.976115706 9.904691007 9.622397551 0.454036905 0.350593405 0.370197327 0.730676873 -0.038337768 -0.152618536 -0.598837408 0.001000000 0.002000000 0.003000000 0.002000000 0.003000000 0.004000000
1.250000000 9.975923633 9.903926402 9.619397663 0.455035672 0.351001909 0.371370923 0.729262528 -0.038491241 -0.153223581 -0.601117730 0.001000000 0.002000000 0.003000000 0.002000000 0.003000000 0.004000000
1.255000000 9.975730793 9.903158772 9.616386376 0.456026251 0.351405118 0.372537498 0.727853223 -0.038644708 -0.153828531 -0.603396569 0.001000000 0.002000000 0.003000000 0.002000000 0.003000000 0.004000000
1.260000000 9.975537186 9.902388117 9.613363699 0.457008657 0.351803080 0.373697025 0.726449044 -0.038798169 -0.154433386 -0.605673919 0.001000000 0.002000000 0.003000000 0.002000000 0.003000000 0.004000000
1.265000000 9.975342812 9.901614438 9.610329639 0.457982907 0.352195840 0.374849482 0.725050076 -0.038951624 -0.155038147 -0.607949774 0.001000000 0.002000000 0.003000000 0.002000000 0.003000000 0.004000000
1.270000000 9.975147670 9.900837736 9.607284204 0.458949020 0.352583444 0.375994844 0.723656403 -0.039105073 -0.155642811 -0.610224130 0.001000000 0.002000000 0.003000000 0.002000000 0.003000000 0.004000000
1.275000000 9.974951761 9.900058010 9.604227401 0.459907013 0.352965937 0.377133088 0.722268108 -0.039258516 -0.156247380 -0.612496980 0.001000000 0.002000000 0.003000000 0.002000000 0.003000000 0.004000000
1.280000000 9.974755085 9.899275262 9.601159237 0.460856903 0.353343366 0.378264192 0.720885276 -0.039411953 -0.156851852 -0.614768318 0.001000000 0.002000000 0.003000000 0.002000000 0.003000000 0.004000000
1.285000000 9.974557642 9.898489492 9.598079720 0.461798710 0.353715776 0.379388133 0.719507989 -0.039565384 -0.157456227 -0.617038140 0.001000000 0.002000000 0.003000000 0.002000000 0.003000000 0.004000000
1.290000000 9.974359431 9.897700700 9.594988858 0.462732452 0.354083212 0.380504888 0.718136329 -0.039718809 -0.158060506 -0.619306439 0.001000000 0.002000000 0.003000000 0.002000000 0.003000000 0.004000000
1.295000000 9.974160453 9.896908887 9.591886658 0.463658147 0.354445719 0.381614437 0.716770379 -0.039872228 -0.158664686 -0.621573210 0.001000000 0.002000000 0.003000000 0.002000000 0.003000000 0.004000000
1.300000000 9.973960709 9.896114053 9.588773128 0.464575816 0.354803343 0.382716758 0.715410219 -0.040025640 -0.159268769 -0.623838448 0.001000000 0.002000000 0.003000000 0.002000000 0.003000000 0.004000000
1.305000000 9.973760197 9.895316199 9.585648276 0.465485477 0.355156129 0.383811831 0.714055932 -0.040179047 -0.159872754 -0.626102146 0.001000000 0.002000000 0.003000000 0.002000000 0.003000000 0.004000000
1.310000000 9.973558918 9.894515326 9.582512110 0.466387150 0.355504121 0.384899635 0.712707596 -0.040332447 -0.160476640 -0.628364299 0.001000000 0.002000000 0.003000000 0.002000000 0.003000000 0.004000000
1.315000000 9.973356873 9.893711433 9.579364636 0.467280856 0.355847365 0.385980150 0.711365292 -0.040485841 -0.161080427 -0.630624902 0.001000000 0.002000000 0.003000000 0.002000000 0.003000000 0.004000000
1.320000000 9.973154060 9.892904522 9.576205863 0.468166614 0.356185904 0.387053356 0.710029100 -0.040639228 -0.161684115 -0.632883949 0.001000000 0.002000000 0.003000000 0.002000000 0.003000000 0.004000000
1.325000000 9.972950480 9.892094592 9.573035799 0.469044445 0.356519783 0.388119235 0.708699098 -0.040792610 -0.162287703 -0.635141435 0.001000000 0.002000000 0.003000000 0.002000000 0.003000000 0.004000000
1.330000000 9.972746134 9.891281645 9.569854451 0.469914370 0.356849047 0.389177767 0.707375366 -0.040945985 -0.162891191 -0.637397353 0.001000000 0.002000000 0.003000000 0.002000000 0.003000000 0.004000000
1.335000000 9.972541021 9.890465680 9.566661828 0.470776410 0.357173739 0.390228934 0.706057980 -0.041099354 -0.163494578 -0.639651698 0.001000000 0.002000000 0.003000000 0.002000000 0.003000000 0.004000000
1.340000000 9.972335140 9.889646699 9.563457937 0.471630585 0.357493904 0.391272718 0.704747018 -0.041252716 -0.164097865 -0.641904466 0.001000000 0.002000000 0.003000000 0.002000000 0.003000000 0.004000000
1.345000000 9.972128493 9.888824702 9.560242786 0.472476918 0.357809585 0.392309102 0.703442557 -0.041406072 -0.164701050 -0.644155649 0.001000000 0.002000000 0.003000000 0.002000000 0.003000000 0.004000000
1.350000000 9.971921080 9.887999689 9.557016383 0.473315430 0.358120825 0.393338067 0.702144674 -0.041559422 -0.165304134 -0.646405243 0.001000000 0.002000000 0.003000000 0.002000000 0.003000000 0.004000000
1.355000000 9.971712899 9.887171661 9.553778736 0.474146143 0.358427668 0.394359596 0.700853444 -0.041712765 -0.165907115 -0.648653242 0.001000000 0.002000000 0.003000000 0.002000000 0.003000000 0.004000000
1.360000000 9.971503952 9.886340618 9.550529853 0.474969078 0.358730158 0.395373674 0.699568943 -0.041866102 -0.166509995 -0.650899641 0.001000000 0.002000000 0.003000000 0.002000000 0.003000000 0.004000000
1.365000000 9.971294238 9.885506561 9.547269743 0.475784259 0.359028336 0.396380284 0.698291245 -0.042019433 -0.167112771 -0.653144433 0.001000000 0.002000000 0.003000000 0.002000000 0.003000000 0.004000000
1.370000000 9.971083758 9.884669490 9.543998412 0.476591707 0.359322246 0.397379410 0.697020425 -0.042172757 -0.167715445 -0.655387614 0.001000000 0.002000000 0.003000000 0.002000000 0.003000000 0.004000000
1.375000000 9.970872511 9.883829407 9.540715869 0.477391445 0.359611931 0.398371036 0.695756556 -0.042326074 -0.168318015 -0.657629178 0.001000000 0.002000000 0.003000000 0.002000000 0.003000000 0.004000000
1.380000000 9.970660497 9.882986310 9.537422123 0.478183495 0.359897432 0.399355147 0.694499712 -0.042479385 -0.168920482 -0.659869119 0.001000000 0.002000000 0.003000000 0.002000000 0.003000000 0.004000000
1.385000000 9.970447717 9.882140202 9.534117181 0.478967881 0.360178792 0.400331728 0.693249965 -0.042632690 -0.169522844 -0.662107432 0.001000000 0.002000000 0.003000000 0.002000000 0.003000000 0.004000000
1.390000000 9.970234170 9.881291082 9.530801051 0.479744625 0.360456054 0.401300765 0.692007388 -0.042785987 -0.170125101 -0.664344112 0.001000000 0.002000000 0.003000000 0.002000000 0.003000000 0.004000000
1.395000000 9.970019857 9.880438951 9.527473742 0.480513751 0.360729257 0.402262243 0.690772051 -0.042939279 -0.170727254 -0.666579152 0.001000000 0.002000000 0.003000000 0.002000000 0.003000000 0.004000000
1.400000000 9.969804777 9.879583810 9.524135262 0.481275282 0.360998445 0.403216148 0.689544026 -0.043092563 -0.171329301 -0.668812547 0.001000000 0.002000000 0.003000000 0.002000000 0.003000000 0.004000000
1.405000000 9.969588931 9.878725658 9.520785620 0.482029241 0.361263659 0.404162467 0.688323384 -0.043245841 -0.171931243 -0.671044292 0.001000000 0.002000000 0.003000000 0.002000000 0.003000000 0.004000000
1.410000000 9.969372319 9.877864497 9.517424822 0.482775652 0.361524939 0.405101186 0.687110193 -0.043399112 -0.172533078 -0.673274382 0.001000000 0.002000000 0.003000000 0.002000000 0.003000000 0.004000000
1.415000000 9.969154940 9.877000328 9.514052878 0.483514539 0.361782326 0.406032292 0.685904525 -0.043552377 -0.173134807 -0.675502810 0.001000000 0.002000000 0.003000000 0.002000000 0.003000000 0.004000000
1.420000000 9.968936795 9.876133150 9.510669797 0.484245925 0.362035861 0.406955773 0.684706447 -0.043705635 -0.173736430 -0.677729572 0.001000000 0.002000000 0.003000000 0.002000000 0.003000000 0.004000000
1.425000000 9.968717884 9.875262964 9.507275586 0.484969834 0.362285584 0.407871616 0.683516028 -0.043858886 -0.174337945 -0.679954661 0.001000000 0.002000000 0.003000000 0.002000000 0.003000000 0.004000000
1.430000000 9.968498206 9.874389770 9.503870253 0.485686290 0.362531536 0.408779809 0.682333335 -0.044012130 -0.174939353 -0.682178073 0.001000000 0.002000000 0.003000000 0.002000000 0.003000000 0.004000000
1.435000000 9.968277763 9.873513570 9.500453808 0.486395318 0.362773756 0.409680341 0.681158436 -0.044165368 -0.175540652 -0.684399801 0.001000000 0.002000000 0.003000000 0.002000000 0.003000000 0.004000000
1.440000000 9.968056553 9.872634364 9.497026258 0.487096941 0.363012284 0.410573199 0.679991397 -0.044318599 -0.176141844 -0.686619841 0.001000000 0.002000000 0.003000000 0.002000000 0.003000000 0.004000000
1.445000000 9.967834577 9.871752152 9.493587612 0.487791183 0.363247159 0.411458372 0.678832285 -0.044471823 -0.176742927 -0.688838186 0.001000000 0.002000000 0.003000000 0.002000000 0.003000000 0.004000000
1.450000000 9.967611834 9.870866935 9.490137879 0.488478069 0.363478421 0.412335851 0.677681164 -0.044625040 -0.177343900 -0.691054832 0.001000000 0.002000000 0.003000000 0.002000000 0.003000000 0.004000000
1.455000000 9.967388326 9.869978713 9.486677067 0.489157623 0.363706108 0.413205623 0.676538099 -0.044778250 -0.177944765 -0.693269773 0.001000000 0.002000000 0.003000000 0.002000000 0.003000000 0.004000000
1.460000000 9.967164052 9.869087487 9.483205184 0.489829870 0.363930259 0.414067678 0.675403156 -0.044931453 -0.178545519 -0.695483003 0.001000000 0.002000000 0.003000000 0.002000000 0.003000000 0.004000000
1.465000000 9.966939012 9.868193258 9.479722239 0.490494834 0.364150913 0.414922007 0.674276397 -0.045084650 -0.179146164 -0.697694517 0.001000000 0.002000000 0.003000000 0.002000000 0.003000000 0.004000000
1.470000000 9.966713205 9.867296026 9.476228242 0.491152539 0.364368107 0.415768599 0.673157886 -0.045237839 -0.179746698 -0.699904310 0.001000000 0.002000000 0.003000000 0.002000000 0.003000000 0.004000000
1.475000000 9.966486633 9.866395791 9.472723199 0.491803009 0.364581879 0.416607445 0.672047685 -0.045391021 -0.180347121 -0.702112376 0.001000000 0.002000000 0.003000000 0.002000000 0.003000000 0.004000000
1.480000000 9.966259295 9.865492555 9.469207121 0.492446271 0.364792266 0.417438535 0.670945857 -0.045544197 -0.180947433 -0.704318709 0.001000000 0.002000000 0.003000000 0.002000000 0.003000000 0.004000000
1.485000000 9.966031191 9.864586317 9.465680015 0.493082347 0.364999307 0.418261861 0.669852462 -0.045697365 -0.181547633 -0.706523304 0.001000000 0.002000000 0.003000000 0.002000000 0.003000000 0.004000000
1.490000000 9.965802322 9.863677079 9.462141891 0.493711262 0.365203038 0.419077413 0.668767563 -0.045850527 -0.182147721 -0.708726157 0.001000000 0.002000000 0.003000000 0.002000000 0.003000000 0.004000000
1.495000000 9.965572686 9.862764840 9.458592756 0.494333041 0.365403495 0.419885183 0.667691218 -0.046003681 -0.182747697 -0.710927260 0.001000000 0.002000000 0.003000000 0.002000000 0.003000000 0.004000000
1.500000000 9.965342285 9.861849602 9.455032621 0.494947709 0.365600716 0.420685162 0.666623489 -0.046156828 -0.183347560 -0.713126609 0.001000000 0.002000000 0.003000000 0.002000000 0.003000000 0.004000000
1.505000000 9.965111118 9.860931365 9.451461493 0.495555290 0.365794736 0.421477342 0.665564433 -0.046309968 -0.183947310 -0.715324199 0.001000000 0.002000000 0.003000000 0.002000000 0.003000000 0.004000000
1.510000000 9.964879185 9.860010129 9.447879382 0.496155809 0.365985592 0.422261716 0.664514110 -0.046463101 -0.184546947 -0.717520024 0.001000000 0.002000000 0.003000000 0.002000000 0.003000000 0.004000000
1.515000000 9.964646487 9.859085895 9.444286296 0.496749290 0.366173318 0.423038276 0.663472578 -0.046616227 -0.185146469 -0.719714078 0.001000000 0.002000000 0.003000000 0.002000000 0.003000000 0.004000000
1.520000000 9.964413023 9.858158665 9.440682244 0.497335757 0.366357950 0.423807014 0.662439894 -0.046769345 -0.185745878 -0.721906357 0.001000000 0.002000000 0.003000000 0.002000000 0.003000000 0.004000000
1.525000000 9.964178793 9.857228437 9.437067235 0.497915235 0.366539523 0.424567923 0.661416114 -0.046922457 -0.186345172 -0.724096854 0.001000000 0.002000000 0.003000000 0.002000000 0.003000000 0.004000000
1.530000000 9.963943798 9.856295213 9.433441279 0.498487749 0.366718072 0.425320996 0.660401295 -0.047075561 -0.186944351 -0.726285565 0.001000000 0.002000000 0.003000000 0.002000000 0.003000000 0.004000000
1.535000000 9.963708038 9.855358994 9.429804383 0.499053322 0.366893631 0.426066226 0.659395493 -0.047228658 -0.187543415 -0.728472484 0.001000000 0.002000000 0.003000000 0.002000000 0.003000000 0.004000000
1.540000000 9.963471512 9.854419779 9.426156557 0.499611979 0.367066234 0.426803606 0.658398763 -0.047381747 -0.188142363 -0.730657605 0.001000000 0.002000000 0.003000000 0.002000000 0.003000000 0.004000000
1.545000000 9.963234220 9.853477570 9.422497810 0.500163745 0.367235916 0.427533131 0.657411159 -0.047534830 -0.188741194 -0.732840923 0.001000000 0.002000000 0.003000000 0.002000000 0.003000000 0.004000000
1.550000000 9.962996163 9.852532367 9.418828150 0.500708643 0.367402709 0.428254794 0.656432736 -0.047687905 -0.189339910 -0.735022433 0.001000000 0.002000000 0.003000000 0.002000000 0.003000000 0.004000000
1.555000000 9.962757341 9.851584171 9.415147588 0.501246698 0.367566646 0.428968588 0.655463545 -0.047840972 -0.189938509 -0.737202130 0.001000000 0.002000000 0.003000000 0.002000000 0.003000000 0.004000000
1.560000000 9.962517754 9.850632982 9.411456132 0.501777933 0.367727761 0.429674509 0.654503641 -0.047994032 -0.190536990 -0.739380008 0.001000000 0.002000000 0.003000000 0.002000000 0.003000000 0.004000000
1.565000000 9.962277401 9.849678802 9.407753791 0.502302373 0.367886086 0.430372550 0.653553075 -0.048147085 -0.191135354 -0.741556061 0.001000000 0.002000000 0.003000000 0.002000000 0.003000000 0.004000000
1.570000000 9.962036283 9.848721629 9.404040575 0.502820041 0.368041653 0.431062706 0.652611899 -0.048300131 -0.191733600 -0.743730284 0.001000000 0.002000000 0.003000000 0.002000000 0.003000000 0.004000000
1.575000000 9.961794400 9.847761466 9.400316491 0.503330962 0.368194495 0.431744972 0.651680164 -0.048453169 -0.192331728 -0.745902673 0.001000000 0.002000000 0.003000000 0.002000000 0.003000000 0.004000000
1.580000000 9.961551751 9.846798312 9.396581551 0.503835158 0.368344642 0.432419342 0.650757920 -0.048606199 -0.192929738 -0.748073221 0.001000000 0.002000000 0.003000000 0.002000000 0.003000000 0.004000000
1.585000000 9.961308338 9.845832169 9.392835762 0.504332654 0.368492126 0.433085812 0.649845217 -0.048759222 -0.193527628 -0.750241923 0.001000000 0.002000000 0.003000000 0.002000000 0.003000000 0.004000000
1.590000000 9.961064159 9.844863036 9.389079135 0.504823472 0.368636979 0.433744378 0.648942104 -0.048912237 -0.194125399 -0.752408774 0.001000000 0.002000000 0.003000000 0.002000000 0.003000000 0.004000000
1.595000000 9.960819215 9.843890915 9.385311678 0.505307637 0.368779230 0.434395033 0.648048630 -0.049065245 -0.194723050 -0.754573769 0.001000000 0.002000000 0.003000000 0.002000000 0.003000000 0.004000000
1.600000000 9.960573507 9.842915806 9.381533400 0.505785171 0.368918910 0.435037775 0.647164842 -0.049218246 -0.195320581 -0.756736902 0.001000000 0.002000000 0.003000000 0.002000000 0.003000000 0.004000000
1.605000000 9.960327033 9.841937709 9.377744312 0.506256098 0.369056048 0.435672599 0.646290789 -0.049371238 -0.195917991 -0.758898167 0.001000000 0.002000000 0.003000000 0.002000000 0.003000000 0.004000000
1.610000000 9.960079794 9.840956626 9.373944422 0.506720439 0.369190675 0.436299500 0.645426516 -0.049524224 -0.196515281 -0.761057560 0.001000000 0.002000000 0.003000000 0.002000000 0.003000000 0.004000000
1.615000000 9.959831791 9.839972557 9.370133739 0.507178219 0.369322820 0.436918475 0.644572071 -0.049677201 -0.197112449 -0.763215076 0.001000000 0.002000000 0.003000000 0.002000000 0.003000000 0.004000000
1.620000000 9.959583022 9.838985502 9.366312274 0.507629460 0.369452512 0.437529519 0.643727498 -0.049830171 -0.197709496 -0.765370708 0.001000000 0.002000000 0.003000000 0.002000000 0.003000000 0.004000000
1.625000000 9.959333489 9.837995462 9.362480035 0.508074184 0.369579779 0.438132630 0.642892843 -0.049983133 -0.198306421 -0.767524451 0.001000000 0.002000000 0.003000000 0.002000000 0.003000000 0.004000000
1.630000000 9.959083191 9.837002438 9.358637033 0.508512414 0.369704650 0.438727804 0.642068151 -0.050136088 -0.198903223 -0.769676301 0.001000000 0.002000000 0.003000000 0.002000000 0.003000000 0.004000000
1.635000000 9.958832128 9.836006430 9.354783276 0.508944172 0.369827153 0.439315037 0.641253464 -0.050289034 -0.199499903 -0.771826252 0.001000000 0.002000000 0.003000000 0.002000000 0.003000000 0.004000000
1.640000000 9.958580301 9.835007439 9.350918773 0.509369479 0.369947314 0.439894326 0.640448827 -0.050441973 -0.200096460 -0.773974298 0.001000000 0.002000000 0.003000000 0.002000000 0.003000000 0.004000000
1.645000000 9.958327708 9.834005465 9.347043536 0.509788359 0.370065163 0.440465668 0.639654282 -0.050594904 -0.200692893 -0.776120435 0.001000000 0.002000000 0.003000000 0.002000000 0.003000000 0.004000000
1.650000000 9.958074352 9.833000510 9.343157572 0.510200831 0.370180724 0.441029060 0.638869871 -0.050747828 -0.201289203 -0.778264656 0.001000000 0.002000000 0.003000000 0.002000000 0.003000000 0.004000000
1.655000000 9.957820230 9.831992574 9.339260892 0.510606919 0.370294026 0.441584499 0.638095635 -0.050900743 -0.201885388 -0.780406958 0.001000000 0.002000000 0.003000000 0.002000000 0.003000000 0.004000000
1.660000000 9.957565344 9.830981656 9.335353506 0.511006642 0.370405094 0.442131983 0.637331616 -0.051053651 -0.202481449 -0.782547334 0.001000000 0.002000000 0.003000000 0.002000000 0.003000000 0.004000000
1.665000000 9.957309694 9.829967759 9.331435422 0.511400023 0.370513954 0.442671508 0.636577853 -0.051206551 -0.203077385 -0.784685778 0.001000000 0.002000000 0.003000000 0.002000000 0.003000000 0.004000000
1.670000000 9.957053279 9.828950883 9.327506651 0.511787082 0.370620631 0.443203072 0.635834387 -0.051359443 -0.203673196 -0.786822287 0.001000000 0.002000000 0.003000000 0.002000000 0.003000000 0.004000000
1.675000000 9.956796099 9.827931028 9.323567203 0.512167840 0.370725152 0.443726673 0.635101256 -0.051512327 -0.204268881 -0.788956855 0.001000000 0.002000000 0.003000000 0.002000000 0.003000000 0.004000000
1.680000000 9.956538155 9.826908194 9.319617086 0.512542317 0.370827540 0.444242309 0.634378499 -0.051665203 -0.204864440 -0.791089475 0.001000000 0.002000000 0.003000000 0.002000000 0.003000000 0.004000000
1.685000000 9.956279447 9.825882383 9.315656311 0.512910534 0.370927820 0.444749977 0.633666154 -0.051818071 -0.205459873 -0.793220144 0.001000000 0.002000000 0.003000000 0.002000000 0.003000000 0.004000000
1.690000000 9.956019975 9.824853596 9.311684888 0.513272511 0.371026016 0.445249675 0.632964258 -0.051970931 -0.206055179 -0.795348856 0.001000000 0.002000000 0.003000000 0.002000000 0.003000000 0.004000000
1.695000000 9.955759738 9.823821832 9.307702826 0.513628267 0.371122153 0.445741401 0.632272848 -0.052123783 -0.206650357 -0.797475605 0.001000000 0.002000000 0.003000000 0.002000000 0.003000000 0.004000000
1.700000000 9.955498737 9.822787092 9.303710135 0.513977822 0.371216252 0.446225154 0.631591960 -0.052276627 -0.207245409 -0.799600386 0.001000000 0.002000000 0.003000000 0.002000000 0.003000000 0.004000000
1.705000000 9.955236972 9.821749378 9.299706825 0.514321196 0.371308339 0.446700931 0.630921629 -0.052429463 -0.207840332 -0.801723195 0.001000000 0.002000000 0.003000000 0.002000000 0.003000000 0.004000000
1.710000000 9.954974442 9.820708689 9.295692906 0.514658408 0.371398434 0.447168731 0.630261891 -0.052582291 -0.208435128 -0.803844025 0.001000000 0.002000000 0.003000000 0.002000000 0.003000000 0.004000000
1.715000000 9.954711149 9.819665027 9.291668388 0.514989477 0.371486561 0.447628553 0.629612780 -0.052735111 -0.209029794 -0.805962872 0.001000000 0.002000000 0.003000000 0.002000000 0.003000000 0.004000000
1.720000000 9.954447091 9.818618391 9.287633281 0.515314421 0.371572741 0.448080393 0.628974329 -0.052887923 -0.209624332 -0.808079730 0.001000000 0.002000000 0.003000000 0.002000000 0.003000000 0.004000000
1.725000000 9.954182269 9.817568784 9.283587594 0.515633259 0.371656996 0.448524252 0.628346572 -0.053040726 -0.210218741 -0.810194594 0.001000000 0.002000000 0.003000000 0.002000000 0.003000000 0.004000000
1.730000000 9.953916684 9.816516204 9.279531338 0.515946009 0.371739348 0.448960128 0.627729541 -0.053193522 -0.210813020 -0.812307460 0.001000000 0.002000000 0.003000000 0.002000000 0.003000000 0.004000000
1.735000000 9.953650334 9.815460654 9.275464523 0.516252688 0.371819816 0.449388019 0.627123269 -0.053346309 -0.211407168 -0.814418321 0.001000000 0.002000000 0.003000000 0.002000000 0.003000000 0.004000000
1.740000000 9.953383221 9.814402133 9.271387158 0.516553316 0.371898422 0.449807924 0.626527786 -0.053499088 -0.212001187 -0.816527172 0.001000000 0.002000000 0.003000000 0.002000000 0.003000000 0.004000000
1.745000000 9.953115343 9.813340642 9.267299255 0.516847908 0.371975186 0.450219843 0.625943123 -0.053651858 -0.212595074 -0.818634009 0.001000000 0.002000000 0.003000000 0.002000000 0.003000000 0.004000000
1.750000000 9.952846702 9.812276182 9.263200822 0.517136483 0.372050127 0.450623773 0.625369311 -0.053804621 -0.213188831 -0.820738826 0.001000000 0.002000000 0.003000000 0.002000000 0.003000000 0.004000000
1.755000000 9.952577297 9.811208754 9.259091870 0.517419057 0.372123266 0.451019714 0.624806379 -0.053957375 -0.213782456 -0.822841618 0.001000000 0.002000000 0.003000000 0.002000000 0.003000000 0.004000000
1.760000000 9.952307128 9.810138358 9.254972409 0.517695647 0.372194620 0.451407666 0.624254357 -0.054110121 -0.214375949 -0.824942380 0.001000000 0.002000000 0.003000000 0.002000000 0.003000000 0.004000000
1.765000000 9.952036196 9.809064995 9.250842449 0.517966268 0.372264208 0.451787626 0.623713272 -0.054262858 -0.214969310 -0.827041106 0.001000000 0.002000000 0.003000000 0.002000000 0.003000000 0.004000000
1.770000000 9.951764500 9.807988665 9.246702001 0.518230938 0.372332050 0.452159594 0.623183152 -0.054415587 -0.215562538 -0.829137791 0.001000000 0.002000000 0.003000000 0.002000000 0.003000000 0.004000000
1.775000000 9.951492040 9.806909370 9.242551075 0.518489672 0.372398162 0.452523570 0.622664025 -0.054568308 -0.216155633 -0.831232431 0.001000000 0.002000000 0.003000000 0.002000000 0.003000000 0.004000000
1.780000000 9.951218817 9.805827109 9.238389680 0.518742485 0.372462563 0.452879552 0.622155917 -0.054721020 -0.216748595 -0.833325020 0.001000000 0.002000000 0.003000000 0.002000000 0.003000000 0.004000000
1.785000000 9.950944830 9.804741884 9.234217828 0.518989392 0.372525269 0.453227540 0.621658855 -0.054873724 -0.217341423 -0.835415552 0.001000000 0.002000000 0.003000000 0.002000000 0.003000000 0.004000000
1.790000000 9.950670080 9.803653695 9.230035528 0.519230409 0.372586297 0.453567534 0.621172864 -0.055026419 -0.217934118 -0.837504023 0.001000000 0.002000000 0.003000000 0.002000000 0.003000000 0.004000000
1.795000000 9.950394566 9.802562543 9.225842791 0.519465550 0.372645663 0.453899532 0.620697968 -0.055179106 -0.218526677 -0.839590428 0.001000000 0.002000000 0.003000000 0.002000000 0.003000000 0.004000000
1.800000000 9.950118289 9.801468428 9.221639628 0.519694829 0.372703385 0.454223534 0.620234192 -0.055331784 -0.219119102 -0.841674761 0.001000000 0.002000000 0.003000000 0.002000000 0.003000000 0.004000000
1.805000000 9.949841248 9.800371352 9.217426047 0.519918261 0.372759477 0.454539540 0.619781560 -0.055484454 -0.219711392 -0.843757018 0.001000000 0.002000000 0.003000000 0.002000000 0.003000000 0.004000000
1.810000000 9.949563444 9.799271315 9.213202061 0.520135858 0.372813954 0.454847549 0.619340094 -0.055637115 -0.220303546 -0.845837192 0.001000000 0.002000000 0.003000000 0.002000000 0.003000000 0.004000000
1.815000000 9.949284877 9.798168317 9.208967679 0.520347635 0.372866832 0.455147560 0.618909818 -0.055789768 -0.220895565 -0.847915280 0.001000000 0.002000000 0.003000000 0.002000000 0.003000000 0.004000000
1.820000000 9.949005546 9.797062359 9.204722911 0.520553604 0.372918124 0.455439574 0.618490753 -0.055942412 -0.221487447 -0.849991275 0.001000000 0.002000000 0.003000000 0.002000000 0.003000000 0.004000000
1.825000000 9.948725453 9.795953443 9.200467769 0.520753779 0.372967846 0.455723590 0.618082921 -0.056095048 -0.222079192 -0.852065173 0.001000000 0.002000000 0.003000000 0.002000000 0.003000000 0.004000000
1.830000000 9.948444596 9.794841568 9.196202263 0.520948171 0.373016011 0.455999607 0.617686342 -0.056247675 -0.222670801 -0.854136969 0.001000000 0.002000000 0.003000000 0.002000000 0.003000000 0.004000000
1.835000000 9.948162976 9.793726735 9.191926403 0.521136793 0.373062632 0.456267625 0.617301036 -0.056400293 -0.223262272 -0.856206657 0.001000000 0.002000000 0.003000000 0.002000000 0.003000000 0.004000000
1.840000000 9.947880593 9.792608945 9.187640200 0.521319657 0.373107723 0.456527645 0.616927023 -0.056552902 -0.223853605 -0.858274233 0.001000000 0.002000000 0.003000000 0.002000000 0.003000000 0.004000000
1.845000000 9.947597447 9.791488199 9.183343665 0.521496774 0.373151295 0.456779665 0.616564323 -0.056705503 -0.224444801 -0.860339691 0.001000000 0.002000000 0.003000000 0.002000000 0.003000000 0.004000000
1.850000000 9.947313538 9.790364497 9.179036807 0.521668154 0.373193361 0.457023685 0.616212953 -0.056858095 -0.225035857 -0.862403026 0.001000000 0.002000000 0.003000000 0.002000000 0.003000000 0.004000000
1.855000000 9.947028866 9.789237841 9.174719638 0.521833810 0.373233933 0.457259706 0.615872931 -0.057010678 -0.225626776 -0.864464233 0.001000000 0.002000000 0.003000000 0.002000000 0.003000000 0.004000000
1.860000000 9.946743431 9.788108230 9.170392168 0.521993751 0.373273023 0.457487727 0.615544274 -0.057163252 -0.226217554 -0.866523307 0.001000000 0.002000000 0.003000000 0.002000000 0.003000000 0.004000000
1.865000000 9.946457234 9.786975665 9.166054408 0.522147988 0.373310641 0.457707748 0.615227000 -0.057315818 -0.226808194 -0.868580243 0.001000000 0.002000000 0.003000000 0.002000000 0.003000000 0.004000000
1.870000000 9.946170273 9.785840148 9.161706369 0.522296530 0.373346798 0.457919769 0.614921124 -0.057468375 -0.227398693 -0.870635036 0.001000000 0.002000000 0.003000000 0.002000000 0.003000000 0.004000000
1.875000000 9.945882550 9.784701679 9.157348062 0.522439387 0.373381505 0.458123790 0.614626661 -0.057620923 -0.227989052 -0.872687681 0.001000000 0.002000000 0.003000000 0.002000000 0.003000000 0.004000000
1.880000000 9.945594064 9.783560258 9.152979496 0.522576568 0.373414771 0.458319810 0.614343627 -0.057773462 -0.228579271 -0.874738173 0.001000000 0.002000000 0.003000000 0.002000000 0.003000000 0.004000000
1.885000000 9.945304815 9.782415886 9.148600683 0.522708082 0.373446606 0.458507829 0.614072035 -0.057925992 -0.229169348 -0.876786506 0.001000000 0.002000000 0.003000000 0.002000000 0.003000000 0.004000000
1.890000000 9.945014804 9.781268565 9.144211635 0.522833937 0.373477019 0.458687848 0.613811901 -0.058078513 -0.229759285 -0.878832676 0.001000000 0.002000000 0.003000000 0.002000000 0.003000000 0.004000000
1.895000000 9.944724030 9.780118294 9.139812360 0.522954141 0.373506018 0.458859866 0.613563235 -0.058231025 -0.230349079 -0.880876677 0.001000000 0.002000000 0.003000000 0.002000000 0.003000000 0.004000000
1.900000000 9.944432494 9.778965074 9.135402871 0.523068702 0.373533614 0.459023884 0.613326052 -0.058383528 -0.230938731 -0.882918505 0.001000000 0.002000000 0.003000000 0.002000000 0.003000000 0.004000000
1.905000000 9.944140195 9.777808907 9.130983179 0.523177628 0.373559812 0.459179900 0.613100363 -0.058536022 -0.231528241 -0.884958155 0.001000000 0.002000000 0.003000000 0.002000000 0.003000000 0.004000000
1.910000000 9.943847134 9.776649792 9.126553293 0.523280925 0.373584621 0.459327916 0.612886180 -0.058688508 -0.232117608 -0.886995621 0.001000000 0.002000000 0.003000000 0.002000000 0.003000000 0.004000000
1.915000000 9.943553310 9.775487731 9.122113226 0.523378601 0.373608048 0.459467931 0.612683513 -0.058840984 -0.232706832 -0.889030898 0.001000000 0.002000000 0.003000000 0.002000000 0.003000000 0.004000000
1.920000000 9.943258724 9.774322724 9.117662988 0.523470661 0.373630100 0.459599946 0.612492372 -0.058993451 -0.233295913 -0.891063982 0.001000000 0.002000000 0.003000000 0.002000000 0.003000000 0.004000000
1.925000000 9.942963375 9.773154772 9.113202590 0.523557111 0.373650783 0.459723959 0.612312767 -0.059145909 -0.233884849 -0.893094867 0.001000000 0.002000000 0.003000000 0.002000000 0.003000000 0.004000000
1.930000000 9.942667265 9.771983875 9.108732043 0.523637958 0.373670103 0.459839971 0.612144708 -0.059298358 -0.234473641 -0.895123548 0.001000000 0.002000000 0.003000000 0.002000000 0.003000000 0.004000000
1.935000000 9.942370392 9.770810036 9.104251358 0.523713206 0.373688067 0.459947983 0.611988202 -0.059450797 -0.235062289 -0.897150021 0.001000000 0.002000000 0.003000000 0.002000000 0.003000000 0.004000000
1.940000000 9.942072757 9.769633253 9.099760547 0.523782860 0.373704678 0.460047994 0.611843258 -0.059603228 -0.235650791 -0.899174280 0.001000000 0.002000000 0.003000000 0.002000000 0.003000000 0.004000000
1.945000000 9.941774359 9.768453528 9.095259619 0.523846925 0.373719943 0.460140003 0.611709882 -0.059755649 -0.236239148 -0.901196321 0.001000000 0.002000000 0.003000000 0.002000000 0.003000000 0.004000000
1.950000000 9.941475200 9.767270862 9.090748587 0.523905406 0.373733866 0.460224012 0.611588082 -0.059908061 -0.236827360 -0.903216138 0.001000000 0.002000000 0.003000000 0.002000000 0.003000000 0.004000000
1.955000000 9.941175279 9.766085255 9.086227462 0.523958305 0.373746450 0.460300020 0.611477863 -0.060060464 -0.237415425 -0.905233726 0.001000000 0.002000000 0.003000000 0.002000000 0.003000000 0.004000000
1.960000000 9.940874596 9.764896708 9.081696254 0.524005626 0.373757699 0.460368028 0.611379232 -0.060212858 -0.238003344 -0.907249081 0.001000000 0.002000000 0.003000000 0.002000000 0.003000000 0.004000000
1.965000000 9.940573150 9.763705221 9.077154974 0.524047373 0.373767617 0.460428034 0.611292193 -0.060365242 -0.238591116 -0.909262197 0.001000000 0.002000000 0.003000000 0.002000000 0.003000000 0.004000000
1.970000000 9.940270943 9.762510797 9.072603635 0.524083548 0.373776207 0.460480039 0.611216749 -0.060517617 -0.239178741 -0.911273070 0.001000000 0.002000000 0.003000000 0.002000000 0.003000000 0.004000000
1.975000000 9.939967974 9.761313434 9.068042248 0.524114154 0.373783471 0.460524044 0.611152907 -0.060669983 -0.239766219 -0.913281694 0.001000000 0.002000000 0.003000000 0.002000000 0.003000000 0.004000000
1.980000000 9.939664243 9.760113135 9.063470822 0.524139192 0.373789411 0.460560048 0.611100667 -0.060822339 -0.240353548 -0.915288065 0.001000000 0.002000000 0.003000000 0.002000000 0.003000000 0.004000000
1.985000000 9.939359751 9.758909899 9.058889371 0.524158665 0.373794030 0.460588051 0.611060034 -0.060974686 -0.240940729 -0.917292178 0.001000000 0.002000000 0.003000000 0.002000000 0.003000000 0.004000000
1.990000000 9.939054496 9.757703728 9.054297904 0.524172573 0.373797328 0.460608053 0.611031009 -0.061127024 -0.241527762 -0.919294027 0.001000000 0.002000000 0.003000000 0.002000000 0.003000000 0.004000000
1.995000000 9.938748481 9.756494622 9.049696434 0.524180917 0.373799306 0.460620054 0.611013593 -0.061279352 -0.242114646 -0.921293608 0.001000000 0.002000000 0.003000000 0.002000000 0.003000000 0.004000000
2.000000000 9.938441703 9.755282581 9.045084972 0.524183699 0.373799965 0.460624054 0.611007788 -0.061431671 -0.242701380 -0.923290915 0.001000000 0.002000000 0.003000000 0.002000000 0.003000000 0.004000000
2.005000000 9.938134164 9.754067608 9.040463529 0.524180917 0.373799306 0.460620054 0.611013593 -0.061583980 -0.243287964 -0.925285945 0.001000000 0.002000000 0.003000000 0.002000000 0.003000000 0.004000000
2.010000000 9.937825863 9.752849702 9.035832116 0.524172573 0.373797328 0.460608053 0.611031009 -0.061736280 -0.243874399 -0.927278691 0.001000000 0.002000000 0.003000000 0.002000000 0.003000000 0.004000000
2.015000000 9.937516801 9.751628864 9.031190746 0.524158665 0.373794030 0.460588051 0.611060034 -0.061888570 -0.244460683 -0.929269150 0.001000000 0.002000000 0.003000000 0.002000000 0.003000000 0.004000000
2.020000000 9.937206978 9.750405096 9.026539429 0.524139192 0.373789411 0.460560048 0.611100667 -0.062040851 -0.245046816 -0.931257315 0.001000000 0.002000000 0.003000000 0.002000000 0.003000000 0.004000000
