5deg
[[ 0.0148655430, -0.9957152302,  0.0912699068],
 [ 0.9995572490,  0.0171515147,  0.0243131960],
 [-0.0257744367,  0.0908680681,  0.9955293429]]
 
10deg
[[ 0.0148655430, -0.9839715367,  0.1777048977],
 [ 0.9995572490,  0.0192052826,  0.0227258239],
 [-0.0257744367,  0.1772883870,  0.9838213792]]
 
15deg
[[ 0.014865542982, -0.964739225547, 0.262787447043],
 [ 0.999557249008,  0.021112886803, 0.020965494653],
 [-0.025774436697, 0.262359434178,  0.964625940824]]
 
20deg
[[ 0.0148655430, -0.9381646664,  0.3458700252],
 [ 0.9995572490,  0.0228598092,  0.0190456053],
 [-0.0257744367,  0.3454337677,  0.9380891165]]
 
25deg
[[ 0.0148655430, -0.9044501077,  0.4263203237],
 [ 0.9995572490,  0.0244327546,  0.0169807674],
 [-0.0257744367,  0.4258791416,  0.9044128676]]
 
30deg
[[ 0.0148655430, -0.8638521375,  0.5035260671],
 [ 0.9995572490,  0.0258197519,  0.0147866955],
 [-0.0257744367,  0.5030833181,  0.8638534907]]
